-1.497742,-1.497742,1.497742,-0.262329,0.774963,0.108948,-183.473358,-183.473358,183.473358
-1.497742,-1.497742,1.497742,-0.260620,0.775757,0.107178,-183.473358,-183.473358,183.473358
-1.497742,-1.497742,1.497742,-0.261353,0.775208,0.106567,-183.473358,-183.473358,183.473358
-1.497742,-1.497742,1.497742,-0.261047,0.774170,0.107239,-183.473358,-183.473358,183.473358
-1.497742,-1.497742,1.497742,-0.260315,0.772583,0.138367,-183.473358,-183.473358,183.473358
-1.497742,-1.497742,1.497742,-0.260681,0.773499,0.103821,-183.473358,-183.473358,183.473358
-1.497742,-1.497742,1.497742,-0.260498,0.777283,0.107666,-183.473358,-183.473358,183.473358
-1.497742,-1.497742,1.497742,-0.260010,0.775208,0.107178,-183.473358,-183.473358,183.473358
-1.497742,-1.497742,1.497742,-0.260742,0.772949,0.106506,-183.473358,-183.473358,183.473358
-1.497742,-1.497742,1.497742,-0.260193,0.776062,0.107788,-183.473358,-183.473358,183.473358
-1.497742,-1.497742,1.497742,-0.258850,0.771973,0.105652,-183.473358,-183.473358,183.473358
-1.497742,-1.497742,1.497742,-0.260681,0.775513,0.108154,-183.473358,-183.473358,183.473358
-1.497742,-1.497742,1.497742,-0.259338,0.777893,0.107910,-183.473358,-183.473358,183.473358
-1.497742,-1.497742,1.497742,-0.260376,0.773926,0.109375,-183.473358,-183.473358,183.473358
-1.497742,-1.497742,1.497742,-0.260071,0.776306,0.103027,-183.473358,-183.473358,183.473358
-1.497742,-1.497742,1.497742,-0.261292,0.775269,0.111816,-183.473358,-183.473358,183.473358
-1.497742,-1.497742,1.497742,-0.261414,0.777283,0.107117,-183.473358,-183.473358,183.473358
-1.497742,-1.497742,1.497742,-0.262390,0.774597,0.104736,-183.473358,-183.473358,183.473358
-1.497742,-1.497742,1.497742,-0.259155,0.774841,0.105347,-183.473358,-183.473358,183.473358
-1.497742,-1.497742,1.497742,-0.258850,0.776672,0.098206,-183.473358,-183.473358,183.473358
-1.497742,-1.497742,1.497742,-0.259094,0.776428,0.108276,-183.473358,-183.473358,183.473358
-1.497742,-1.497742,1.497742,-0.259399,0.774902,0.109497,-183.473358,-183.473358,183.473358
-1.497742,-1.497742,1.497742,-0.261292,0.773621,0.109070,-183.473358,-183.473358,183.473358
-1.497742,-1.497742,1.497742,-0.262390,0.772095,0.108276,-183.473358,-183.473358,183.473358
-1.497742,-1.497742,1.497742,-0.260376,0.775696,0.112244,-183.473358,-183.473358,183.473358
-1.497742,-1.497742,1.497742,-0.261353,0.773987,0.105469,-183.473358,-183.473358,183.473358
-1.497742,-1.497742,1.497742,-0.260681,0.776611,0.108337,-183.473358,-183.473358,183.473358
-1.497742,-1.497742,1.497742,-0.260803,0.775818,0.107605,-183.473358,-183.473358,183.473358
-1.497742,-1.497742,1.497742,-0.262634,0.774109,0.109802,-183.473358,-183.473358,183.473358
-1.497742,-1.497742,1.497742,-0.261902,0.773071,0.078430,-183.473358,-183.473358,183.473358
-1.497742,-1.497742,1.497742,-0.261047,0.773499,0.108459,-183.473358,-183.473358,183.473358
-1.497742,-1.497742,1.497742,-0.263306,0.775146,0.109314,-183.473358,-183.473358,183.473358
-1.497742,-1.497742,1.497742,-0.262329,0.772766,0.108215,-183.473358,-183.473358,183.473358
-1.497742,-1.497742,1.497742,-0.263000,0.776062,0.108704,-183.473358,-183.473358,183.473358
-1.497742,-1.497742,1.497742,-0.261047,0.776001,0.110046,-183.473358,-183.473358,183.473358
-1.497742,-1.497742,1.497742,-0.261841,0.776123,0.107117,-183.473358,-183.473358,183.473358
-1.497742,-1.497742,1.497742,-0.260559,0.773743,0.105469,-183.473358,-183.473358,183.473358
-1.497742,-1.497742,1.497742,-0.260315,0.776062,0.105042,-183.473358,-183.473358,183.473358
-1.497742,-1.497742,1.497742,-0.261536,0.774658,0.106750,-183.473358,-183.473358,183.473358
-1.497742,-1.497742,1.497742,-0.259399,0.778564,0.118469,-183.473358,-183.473358,183.473358
-1.497742,-1.497742,1.497742,-0.261658,0.773865,0.108276,-183.473358,-183.473358,183.473358
-1.497742,-1.497742,1.497742,-0.263184,0.780701,0.166016,-183.473358,-183.473358,183.473358
-1.497742,-1.497742,1.497742,-0.263794,0.776489,0.107666,-183.473358,-183.473358,183.473358
-1.497742,-1.497742,1.497742,-0.263062,0.775085,0.104553,-183.473358,-183.473358,183.473358
-1.497742,-1.497742,1.497742,-0.260315,0.775696,0.099304,-183.473358,-183.473358,183.473358
-1.497742,-1.497742,1.497742,-0.260315,0.776062,0.107849,-183.473358,-183.473358,183.473358
-1.497742,-1.497742,1.497742,-0.259644,0.775635,0.089050,-183.473358,-183.473358,183.473358
-1.497742,-1.497742,1.497742,-0.261536,0.776184,0.107239,-183.473358,-183.473358,183.473358
-1.497742,-1.497742,1.497742,-0.261169,0.774658,0.107788,-183.473358,-183.473358,183.473358
-1.497742,-1.497742,1.497742,-0.261841,0.775635,0.115234,-183.473358,-183.473358,183.473358
-1.497742,-1.497742,1.497742,-0.262390,0.775635,0.105591,-183.473358,-183.473358,183.473358
-1.497742,-1.497742,1.497742,-0.262756,0.776611,0.105530,-183.473358,-183.473358,183.473358
-1.497742,-1.497742,1.497742,-0.260986,0.776062,0.108765,-183.473358,-183.473358,183.473358
-1.497742,-1.497742,1.497742,-0.263733,0.772339,0.107178,-183.473358,-183.473358,183.473358
-1.497742,-1.497742,1.497742,-0.263428,0.776855,0.107056,-183.473358,-183.473358,183.473358
-1.497742,-1.497742,1.497742,-0.261902,0.774292,0.105286,-183.473358,-183.473358,183.473358
-1.497742,-1.497742,1.497742,-0.262085,0.776306,0.098450,-183.473358,-183.473358,183.473358
-1.497742,-1.497742,1.497742,-0.260376,0.774353,0.110657,-183.473358,-183.473358,183.473358
-1.497742,-1.497742,1.497742,-0.263977,0.776855,0.107971,-183.473358,-183.473358,183.473358
-1.497742,-1.497742,1.497742,-0.264832,0.778442,0.108948,-183.473358,-183.473358,183.473358
-1.497742,-1.497742,1.497742,-0.261658,0.776306,0.105042,-183.473358,-183.473358,183.473358
-1.497742,-1.497742,1.497742,-0.263245,0.775208,0.129028,-183.473358,-183.473358,183.473358
-1.497742,-1.497742,1.497742,-0.262146,0.774536,0.107300,-183.473358,-183.473358,183.473358
-1.497742,-1.497742,1.497742,-0.262207,0.776184,0.106262,-183.473358,-183.473358,183.473358
-1.497742,-1.497742,1.497742,-0.259338,0.775635,0.106506,-183.473358,-183.473358,183.473358
-1.497742,-1.497742,1.497742,-0.260681,0.778198,0.109497,-183.473358,-183.473358,183.473358
-1.497742,-1.497742,1.497742,-0.260376,0.775085,0.106995,-183.473358,-183.473358,183.473358
-1.497742,-1.497742,1.497742,-0.262512,0.775208,0.106934,-183.473358,-183.473358,183.473358
-1.497742,-1.497742,1.497742,-0.261719,0.776001,0.109558,-183.473358,-183.473358,183.473358
-1.497742,-1.497742,1.497742,-0.260559,0.776917,0.108276,-183.473358,-183.473358,183.473358
-1.497742,-1.497742,1.497742,-0.262268,0.777344,0.110291,-183.473358,-183.473358,183.473358
-1.497742,-1.497742,1.497742,-0.263062,0.775085,0.169312,-183.473358,-183.473358,183.473358
-1.497742,-1.497742,1.497742,-0.262085,0.777283,0.107727,-183.473358,-183.473358,183.473358
-1.497742,-1.497742,1.497742,-0.261841,0.778320,0.103088,-183.473358,-183.473358,183.473358
-1.497742,-1.497742,1.497742,-0.262878,0.780396,0.110046,-183.473358,-183.473358,183.473358
-1.497742,-1.497742,1.497742,-0.262207,0.775940,0.106445,-183.473358,-183.473358,183.473358
-1.497742,-1.497742,1.497742,-0.260864,0.774475,0.108154,-183.473358,-183.473358,183.473358
-1.497742,-1.497742,1.497742,-0.263123,0.777649,0.107117,-183.473358,-183.473358,183.473358
-1.497742,-1.497742,1.497742,-0.263306,0.777527,0.108215,-183.473358,-183.473358,183.473358
-1.497742,-1.497742,1.497742,-0.263672,0.781189,0.108521,-183.473358,-183.473358,183.473358
-1.497742,-1.497742,1.497742,-0.265869,0.778015,0.108215,-183.473358,-183.473358,183.473358
-1.497742,-1.497742,1.497742,-0.265442,0.780090,0.074219,-183.473358,-183.473358,183.473358
-1.497742,-1.497742,1.497742,-0.264648,0.778198,0.107788,-183.473358,-183.473358,183.473358
-1.497742,-1.497742,1.497742,-0.265564,0.777100,0.112366,-183.473358,-183.473358,183.473358
-1.497742,-1.497742,1.497742,-0.266052,0.777039,0.112793,-183.473358,-183.473358,183.473358
-1.497742,-1.497742,1.497742,-0.265686,0.778015,0.110474,-183.473358,-183.473358,183.473358
-1.497742,-1.497742,1.497742,-0.262939,0.775513,0.109741,-183.473358,-183.473358,183.473358
-1.497742,-1.497742,1.497742,-0.264893,0.781006,0.106995,-183.473358,-183.473358,183.473358
-1.497742,-1.497742,1.497742,-0.267578,0.777283,0.108582,-183.473358,-183.473358,183.473358
-1.497742,-1.497742,1.497742,-0.265991,0.779053,0.110229,-183.473358,-183.473358,183.473358
-1.497742,-1.497742,1.497742,-0.263489,0.779602,0.105530,-183.473358,-183.473358,183.473358
-1.497742,-1.497742,1.497742,-0.265991,0.777344,0.089539,-183.473358,-183.473358,183.473358
-1.497742,-1.497742,1.497742,-0.266541,0.779175,0.108337,-183.473358,-183.473358,183.473358
-1.497742,-1.497742,1.497742,-0.263794,0.779541,0.107910,-183.473358,-183.473358,183.473358
-1.497742,-1.497742,1.497742,-0.263977,0.779846,0.105103,-183.473358,-183.473358,183.473358
