-1.497742,-1.497742,1.497742,0.017395,0.660339,0.292603,-183.473358,-183.473358,183.473358
-1.497742,-1.497742,1.497742,0.019165,0.660645,0.347351,-183.473358,-183.473358,183.473358
-1.497742,-1.497742,1.497742,0.022339,0.662598,0.291443,-183.473358,-183.473358,183.473358
-1.497742,-1.497742,1.497742,0.021606,0.667969,0.288940,-183.473358,-183.473358,183.473358
-1.497742,-1.497742,1.497742,0.019714,0.667419,0.289612,-183.473358,-183.473358,183.473358
-1.497742,-1.497742,1.497742,0.021118,0.671265,0.287170,-183.473358,-183.473358,183.473358
-1.497742,-1.497742,1.497742,0.024292,0.672363,0.334106,-183.473358,-183.473358,183.473358
-1.497742,-1.497742,1.497742,0.022095,0.669861,0.287170,-183.473358,-183.473358,183.473358
-1.497742,-1.497742,1.497742,0.020264,0.667419,0.291626,-183.473358,-183.473358,183.473358
-1.497742,-1.497742,1.497742,0.009399,0.640381,0.301758,-183.473358,-183.473358,183.473358
-1.497742,-1.497742,1.497742,0.000488,0.618408,0.309875,-183.473358,-183.473358,183.473358
-1.497742,-1.497742,1.497742,-0.007019,0.603149,0.311218,-183.473358,-183.473358,183.473358
-1.497742,-1.497742,1.497742,-0.021423,0.576416,0.317871,-183.473358,-183.473358,183.473358
-1.497742,-1.497742,1.497742,-0.043884,0.526367,0.323486,-183.473358,-183.473358,183.473358
-1.497742,-1.497742,1.497742,-0.068115,0.481018,0.318726,-183.473358,-183.473358,183.473358
-1.497742,-1.497742,1.497742,-0.097229,0.421204,0.303650,-183.473358,-183.473358,183.473358
-1.497742,-1.497742,1.497742,-0.130005,0.358154,0.267944,-183.473358,-183.473358,183.473358
-1.497742,-1.497742,1.497742,-0.161499,0.305725,0.232178,-183.473358,-183.473358,183.473358
-1.497742,-1.497742,1.497742,-0.205078,0.235046,0.127502,-183.473358,-183.473358,183.473358
-1.497742,-1.497742,1.497742,-0.235291,0.219177,-0.015564,-183.473358,-183.473358,183.473358
-1.497742,-1.497742,1.497742,-0.233521,0.221924,-0.059692,-183.473358,-183.473358,183.473358
-1.497742,-1.497742,1.497742,-0.220703,0.236450,-0.071228,-183.473358,-183.473358,183.473358
-1.497742,-1.497742,1.497742,-0.207336,0.259949,-0.167358,-183.473358,-183.473358,183.473358
-1.497742,-1.497742,1.497742,-0.183289,0.298584,-0.221985,-183.473358,-183.473358,183.473358
-1.497742,-1.497742,1.497742,-0.158813,0.332214,-0.250793,-183.473358,-183.473358,183.473358
-1.497742,-1.497742,1.497742,-0.142517,0.360962,-0.272583,-183.473358,-183.473358,183.473358
-1.497742,-1.497742,1.497742,-0.122620,0.397095,-0.288330,-183.473358,-183.473358,183.473358
-1.497742,-1.497742,1.497742,-0.100037,0.432434,-0.305115,-183.473358,-183.473358,183.473358
-1.497742,-1.497742,1.497742,-0.088867,0.446716,-0.310730,-183.473358,-183.473358,183.473358
-1.497742,-1.497742,1.497742,-0.075684,0.470093,-0.316833,-183.473358,-183.473358,183.473358
-1.497742,-1.497742,1.497742,-0.073486,0.477905,-0.314087,-183.473358,-183.473358,183.473358
-1.497742,-1.497742,1.497742,-0.065796,0.483826,-0.339600,-183.473358,-183.473358,183.473358
-1.497742,-1.497742,1.497742,-0.067749,0.479919,-0.314941,-183.473358,-183.473358,183.473358
-1.497742,-1.497742,1.497742,-0.065247,0.478516,-0.313538,-183.473358,-183.473358,183.473358
-1.497742,-1.497742,1.497742,-0.066467,0.473511,-0.318237,-183.473358,-183.473358,183.473358
-1.497742,-1.497742,1.497742,-0.066284,0.476074,-0.314636,-183.473358,-183.473358,183.473358
-1.497742,-1.497742,1.497742,-0.065857,0.471985,-0.313782,-183.473358,-183.473358,183.473358
-1.497742,-1.497742,1.497742,-0.070374,0.470825,-0.314392,-183.473358,-183.473358,183.473358
-1.497742,-1.497742,1.497742,-0.070801,0.467224,-0.314209,-183.473358,-183.473358,183.473358
-1.497742,-1.497742,1.497742,-0.072449,0.467468,-0.315613,-183.473358,-183.473358,183.473358
-1.497742,-1.497742,1.497742,-0.075134,0.456848,-0.313110,-183.473358,-183.473358,183.473358
-1.497742,-1.497742,1.497742,-0.085388,0.444458,-0.283569,-183.473358,-183.473358,183.473358
-1.497742,-1.497742,1.497742,-0.093384,0.424988,-0.303345,-183.473358,-183.473358,183.473358
-1.497742,-1.497742,1.497742,-0.103333,0.396118,-0.257996,-183.473358,-183.473358,183.473358
-1.497742,-1.497742,1.497742,-0.115479,0.368652,-0.282349,-183.473358,-183.473358,183.473358
-1.497742,-1.497742,1.497742,-0.136108,0.318481,-0.246277,-183.473358,-183.473358,183.473358
-1.497742,-1.497742,1.497742,-0.161743,0.260193,-0.184265,-183.473358,-183.473358,183.473358
-1.497742,-1.497742,1.497742,-0.181763,0.223572,-0.126587,-183.473358,-183.473358,183.473358
-1.497742,-1.497742,1.497742,-0.194214,0.207886,-0.077393,-183.473358,-183.473358,183.473358
-1.497742,-1.497742,1.497742,-0.202454,0.202454,0.009644,-183.473358,-183.473358,183.473358
-1.497742,-1.497742,1.497742,-0.201294,0.214966,0.079529,-183.473358,-183.473358,183.473358
-1.497742,-1.497742,1.497742,-0.197205,0.243164,0.110229,-183.473358,-183.473358,183.473358
-1.497742,-1.497742,1.497742,-0.189575,0.273010,0.195496,-183.473358,-183.473358,183.473358
-1.497742,-1.497742,1.497742,-0.174316,0.317505,0.243225,-183.473358,-183.473358,183.473358
-1.497742,-1.497742,1.497742,-0.150818,0.385010,0.286560,-183.473358,-183.473358,183.473358
-1.497742,-1.497742,1.497742,-0.132019,0.422302,0.307983,-183.473358,-183.473358,183.473358
-1.497742,-1.497742,1.497742,-0.098755,0.494934,0.334045,-183.473358,-183.473358,183.473358
-1.497742,-1.497742,1.497742,-0.071960,0.556641,0.324829,-183.473358,-183.473358,183.473358
-1.497742,-1.497742,1.497742,-0.048523,0.610413,0.335754,-183.473358,-183.473358,183.473358
-1.497742,-1.497742,1.497742,-0.019165,0.665833,0.301819,-183.473358,-183.473358,183.473358
-1.497742,-1.497742,1.497742,-0.007812,0.687622,0.289612,-183.473358,-183.473358,183.473358
-1.497742,-1.497742,1.497742,0.000427,0.702332,0.311157,-183.473358,-183.473358,183.473358
-1.497742,-1.497742,1.497742,0.011719,0.712280,0.272705,-183.473358,-183.473358,183.473358
-1.497742,-1.497742,1.497742,0.013123,0.714050,0.250488,-183.473358,-183.473358,183.473358
-1.497742,-1.497742,1.497742,0.011597,0.711487,0.275879,-183.473358,-183.473358,183.473358
-1.497742,-1.497742,1.497742,0.011902,0.709167,0.275391,-183.473358,-183.473358,183.473358
-1.497742,-1.497742,1.497742,0.009277,0.708557,0.275940,-183.473358,-183.473358,183.473358
-1.497742,-1.497742,1.497742,0.011108,0.708374,0.276184,-183.473358,-183.473358,183.473358
-1.497742,-1.497742,1.497742,0.009766,0.704224,0.272034,-183.473358,-183.473358,183.473358
-1.497742,-1.497742,1.497742,-0.006226,0.682434,0.291321,-183.473358,-183.473358,183.473358
-1.497742,-1.497742,1.497742,-0.023804,0.646729,0.310486,-183.473358,-183.473358,183.473358
-1.497742,-1.497742,1.497742,-0.075562,0.545837,0.325134,-183.473358,-183.473358,183.473358
-1.497742,-1.497742,1.497742,-0.089600,0.511536,0.323730,-183.473358,-183.473358,183.473358
-1.497742,-1.497742,1.497742,-0.107483,0.461609,0.296448,-183.473358,-183.473358,183.473358
-1.497742,-1.497742,1.497742,-0.142456,0.396912,0.292603,-183.473358,-183.473358,183.473358
-1.497742,-1.497742,1.497742,-0.170532,0.322693,0.245850,-183.473358,-183.473358,183.473358
-1.497742,-1.497742,1.497742,-0.208435,0.234131,0.127991,-183.473358,-183.473358,183.473358
-1.497742,-1.497742,1.497742,-0.219543,0.216431,-0.057617,-183.473358,-183.473358,183.473358
-1.497742,-1.497742,1.497742,-0.208191,0.239685,-0.126160,-183.473358,-183.473358,183.473358
-1.497742,-1.497742,1.497742,-0.186829,0.251526,-0.166626,-183.473358,-183.473358,183.473358
-1.497742,-1.497742,1.497742,-0.160034,0.283508,-0.211243,-183.473358,-183.473358,183.473358
-1.497742,-1.497742,1.497742,-0.128784,0.317566,-0.246094,-183.473358,-183.473358,183.473358
-1.497742,-1.497742,1.497742,-0.106812,0.346924,-0.270508,-183.473358,-183.473358,183.473358
-1.497742,-1.497742,1.497742,-0.092590,0.373718,-0.282898,-183.473358,-183.473358,183.473358
-1.497742,-1.497742,1.497742,-0.085083,0.393433,-0.292847,-183.473358,-183.473358,183.473358
-1.497742,-1.497742,1.497742,-0.075378,0.411987,-0.299744,-183.473358,-183.473358,183.473358
-1.497742,-1.497742,1.497742,-0.066406,0.429565,-0.305054,-183.473358,-183.473358,183.473358
-1.497742,-1.497742,1.497742,-0.061096,0.438110,-0.307373,-183.473358,-183.473358,183.473358
-1.497742,-1.497742,1.497742,-0.059631,0.442261,-0.303528,-183.473358,-183.473358,183.473358
-1.497742,-1.497742,1.497742,-0.058655,0.445435,-0.310486,-183.473358,-183.473358,183.473358
-1.497742,-1.497742,1.497742,-0.061523,0.440979,-0.313477,-183.473358,-183.473358,183.473358
-1.497742,-1.497742,1.497742,-0.060852,0.441833,-0.309570,-183.473358,-183.473358,183.473358
-1.497742,-1.497742,1.497742,-0.059082,0.442139,-0.309021,-183.473358,-183.473358,183.473358
-1.497742,-1.497742,1.497742,-0.059387,0.439758,-0.334167,-183.473358,-183.473358,183.473358
-1.497742,-1.497742,1.497742,-0.062439,0.435913,-0.308167,-183.473358,-183.473358,183.473358
-1.497742,-1.497742,1.497742,-0.069092,0.424133,-0.303894,-183.473358,-183.473358,183.473358
-1.497742,-1.497742,1.497742,-0.084473,0.398193,-0.295410,-183.473358,-183.473358,183.473358
-1.497742,-1.497742,1.497742,-0.096680,0.370361,-0.284546,-183.473358,-183.473358,183.473358
-1.497742,-1.497742,1.497742,-0.137390,0.285278,-0.225891,-183.473358,-183.473358,183.473358
-1.497742,-1.497742,1.497742,-0.186218,0.218079,-0.104309,-183.473358,-183.473358,183.473358
-1.497742,-1.497742,1.497742,-0.213440,0.206726,0.014832,-183.473358,-183.473358,183.473358
-1.497742,-1.497742,1.497742,-0.217224,0.230835,0.104614,-183.473358,-183.473358,183.473358
-1.497742,-1.497742,1.497742,-0.203857,0.257690,0.165161,-183.473358,-183.473358,183.473358
-1.497742,-1.497742,1.497742,-0.190247,0.313782,0.228516,-183.473358,-183.473358,183.473358
-1.497742,-1.497742,1.497742,-0.168213,0.366821,0.274902,-183.473358,-183.473358,183.473358
-1.497742,-1.497742,1.497742,-0.141907,0.428040,0.307983,-183.473358,-183.473358,183.473358
-1.497742,-1.497742,1.497742,-0.108032,0.489624,0.318359,-183.473358,-183.473358,183.473358
-1.497742,-1.497742,1.497742,-0.085876,0.530029,0.324036,-183.473358,-183.473358,183.473358
-1.497742,-1.497742,1.497742,-0.067932,0.565491,0.343750,-183.473358,-183.473358,183.473358
-1.497742,-1.497742,1.497742,-0.054260,0.588318,0.322815,-183.473358,-183.473358,183.473358
-1.497742,-1.497742,1.497742,-0.052368,0.599365,0.318909,-183.473358,-183.473358,183.473358
-1.497742,-1.497742,1.497742,-0.046265,0.612061,0.317627,-183.473358,-183.473358,183.473358
-1.497742,-1.497742,1.497742,-0.038269,0.621216,0.317627,-183.473358,-183.473358,183.473358
-1.497742,-1.497742,1.497742,-0.037964,0.622375,0.312317,-183.473358,-183.473358,183.473358
-1.497742,-1.497742,1.497742,-0.041138,0.622742,0.314392,-183.473358,-183.473358,183.473358
-1.497742,-1.497742,1.497742,-0.039551,0.622070,0.312622,-183.473358,-183.473358,183.473358
-1.497742,-1.497742,1.497742,-0.038574,0.629761,0.311768,-183.473358,-183.473358,183.473358
-1.497742,-1.497742,1.497742,-0.036133,0.639771,0.312988,-183.473358,-183.473358,183.473358
-1.497742,-1.497742,1.497742,-0.028748,0.660583,0.346069,-183.473358,-183.473358,183.473358
-1.497742,-1.497742,1.497742,-0.020874,0.674683,0.295715,-183.473358,-183.473358,183.473358
-1.497742,-1.497742,1.497742,-0.012817,0.693665,0.286804,-183.473358,-183.473358,183.473358
-1.497742,-1.497742,1.497742,0.018433,0.746094,0.250488,-183.473358,-183.473358,183.473358
-1.497742,-1.497742,1.497742,0.046509,0.799194,0.190369,-183.473358,-183.473358,183.473358
-1.497742,-1.497742,1.497742,0.069214,0.842041,0.089233,-183.473358,-183.473358,183.473358
-1.497742,-1.497742,1.497742,0.075562,0.856018,0.030884,-183.473358,-183.473358,183.473358
-1.497742,-1.497742,1.497742,0.077942,0.852722,-0.031250,-183.473358,-183.473358,183.473358
-1.497742,-1.497742,1.497742,0.073792,0.832581,-0.109436,-183.473358,-183.473358,183.473358
-1.497742,-1.497742,1.497742,0.074768,0.795105,-0.172668,-183.473358,-183.473358,183.473358
-1.497742,-1.497742,1.497742,0.071716,0.721313,-0.275085,-183.473358,-183.473358,183.473358
-1.497742,-1.497742,1.497742,0.061523,0.662720,-0.272095,-183.473358,-183.473358,183.473358
-1.497742,-1.497742,1.497742,0.061035,0.601868,-0.291016,-183.473358,-183.473358,183.473358
-1.497742,-1.497742,1.497742,0.046997,0.537720,-0.301392,-183.473358,-183.473358,183.473358
-1.497742,-1.497742,1.497742,0.038269,0.502686,-0.303772,-183.473358,-183.473358,183.473358
-1.497742,-1.497742,1.497742,0.024658,0.474182,-0.303223,-183.473358,-183.473358,183.473358
-1.497742,-1.497742,1.497742,0.011780,0.448059,-0.299255,-183.473358,-183.473358,183.473358
-1.497742,-1.497742,1.497742,0.005493,0.426758,-0.296631,-183.473358,-183.473358,183.473358
-1.497742,-1.497742,1.497742,-0.001343,0.414795,-0.296387,-183.473358,-183.473358,183.473358
-1.497742,-1.497742,1.497742,-0.007141,0.404968,-0.290649,-183.473358,-183.473358,183.473358
-1.497742,-1.497742,1.497742,-0.011047,0.396545,-0.269104,-183.473358,-183.473358,183.473358
-1.497742,-1.497742,1.497742,-0.013306,0.395935,-0.289185,-183.473358,-183.473358,183.473358
-1.497742,-1.497742,1.497742,-0.013672,0.396790,-0.293152,-183.473358,-183.473358,183.473358
-1.497742,-1.497742,1.497742,-0.011230,0.407471,-0.292664,-183.473358,-183.473358,183.473358
-1.497742,-1.497742,1.497742,-0.007568,0.417053,-0.294434,-183.473358,-183.473358,183.473358
-1.497742,-1.497742,1.497742,0.000488,0.440491,-0.316467,-183.473358,-183.473358,183.473358
-1.497742,-1.497742,1.497742,0.014771,0.483398,-0.307434,-183.473358,-183.473358,183.473358
-1.497742,-1.497742,1.497742,0.034180,0.542419,-0.275757,-183.473358,-183.473358,183.473358
-1.497742,-1.497742,1.497742,0.054932,0.598999,-0.295105,-183.473358,-183.473358,183.473358
-1.497742,-1.497742,1.497742,0.062195,0.647827,-0.276917,-183.473358,-183.473358,183.473358
-1.497742,-1.497742,1.497742,0.075256,0.707214,-0.222412,-183.473358,-183.473358,183.473358
-1.497742,-1.497742,1.497742,0.082031,0.759949,-0.197571,-183.473358,-183.473358,183.473358
-1.497742,-1.497742,1.497742,0.095459,0.804810,-0.129700,-183.473358,-183.473358,183.473358
-1.497742,-1.497742,1.497742,0.101807,0.831238,-0.072388,-183.473358,-183.473358,183.473358
-1.497742,-1.497742,1.497742,0.107117,0.833618,-0.033569,-183.473358,-183.473358,183.473358
-1.497742,-1.497742,1.497742,0.109863,0.835938,0.035828,-183.473358,-183.473358,183.473358
-1.497742,-1.497742,1.497742,0.104614,0.831177,0.079773,-183.473358,-183.473358,183.473358
-1.497742,-1.497742,1.497742,0.098755,0.807861,0.165222,-183.473358,-183.473358,183.473358
-1.497742,-1.497742,1.497742,0.082581,0.766174,0.206787,-183.473358,-183.473358,183.473358
-1.497742,-1.497742,1.497742,0.065369,0.730286,0.239258,-183.473358,-183.473358,183.473358
-1.497742,-1.497742,1.497742,0.053223,0.689880,0.239685,-183.473358,-183.473358,183.473358
-1.497742,-1.497742,1.497742,0.043335,0.671814,0.281250,-183.473358,-183.473358,183.473358
-1.497742,-1.497742,1.497742,0.035767,0.640869,0.282654,-183.473358,-183.473358,183.473358
-1.497742,-1.497742,1.497742,0.023743,0.613708,0.301819,-183.473358,-183.473358,183.473358
-1.497742,-1.497742,1.497742,0.015076,0.597717,0.310181,-183.473358,-183.473358,183.473358
-1.497742,-1.497742,1.497742,0.012024,0.588684,0.309143,-183.473358,-183.473358,183.473358
-1.497742,-1.497742,1.497742,0.012146,0.586060,0.311035,-183.473358,-183.473358,183.473358
-1.497742,-1.497742,1.497742,0.011292,0.581482,0.321533,-183.473358,-183.473358,183.473358
-1.497742,-1.497742,1.497742,0.008057,0.579834,0.313171,-183.473358,-183.473358,183.473358
-1.497742,-1.497742,1.497742,0.009583,0.582886,0.310364,-183.473358,-183.473358,183.473358
-1.497742,-1.497742,1.497742,0.004517,0.584229,0.310425,-183.473358,-183.473358,183.473358
-1.497742,-1.497742,1.497742,0.010742,0.588440,0.308594,-183.473358,-183.473358,183.473358
-1.497742,-1.497742,1.497742,0.013855,0.595886,0.304260,-183.473358,-183.473358,183.473358
-1.497742,-1.497742,1.497742,0.027527,0.628052,0.295837,-183.473358,-183.473358,183.473358
-1.497742,-1.497742,1.497742,0.041687,0.666748,0.282043,-183.473358,-183.473358,183.473358
-1.497742,-1.497742,1.497742,0.060425,0.716675,0.250916,-183.473358,-183.473358,183.473358
-1.497742,-1.497742,1.497742,0.084656,0.771790,0.196472,-183.473358,-183.473358,183.473358
-1.497742,-1.497742,1.497742,0.106628,0.827026,0.065186,-183.473358,-183.473358,183.473358
-1.497742,-1.497742,1.497742,0.113708,0.825623,-0.056519,-183.473358,-183.473358,183.473358
-1.497742,-1.497742,1.497742,0.111511,0.803101,-0.124756,-183.473358,-183.473358,183.473358
-1.497742,-1.497742,1.497742,0.108765,0.781067,-0.158142,-183.473358,-183.473358,183.473358
-1.497742,-1.497742,1.497742,0.102905,0.756409,-0.187378,-183.473358,-183.473358,183.473358
-1.497742,-1.497742,1.497742,0.080078,0.693115,-0.208984,-183.473358,-183.473358,183.473358
-1.497742,-1.497742,1.497742,0.050537,0.637146,-0.287476,-183.473358,-183.473358,183.473358
-1.497742,-1.497742,1.497742,0.029907,0.599182,-0.300476,-183.473358,-183.473358,183.473358
-1.497742,-1.497742,1.497742,0.023438,0.581909,-0.303345,-183.473358,-183.473358,183.473358
-1.497742,-1.497742,1.497742,0.014160,0.538757,-0.309387,-183.473358,-183.473358,183.473358
-1.497742,-1.497742,1.497742,0.005859,0.497620,-0.315674,-183.473358,-183.473358,183.473358
-1.497742,-1.497742,1.497742,0.000244,0.474670,-0.308594,-183.473358,-183.473358,183.473358
-1.497742,-1.497742,1.497742,-0.002136,0.459229,-0.304199,-183.473358,-183.473358,183.473358
-1.497742,-1.497742,1.497742,-0.004272,0.450500,-0.304382,-183.473358,-183.473358,183.473358
-1.497742,-1.497742,1.497742,-0.008545,0.438477,-0.299866,-183.473358,-183.473358,183.473358
-1.497742,-1.497742,1.497742,-0.010254,0.423645,-0.332031,-183.473358,-183.473358,183.473358
-1.497742,-1.497742,1.497742,-0.015686,0.418823,-0.294067,-183.473358,-183.473358,183.473358
-1.497742,-1.497742,1.497742,-0.015320,0.412659,-0.296265,-183.473358,-183.473358,183.473358
-1.497742,-1.497742,1.497742,-0.018005,0.412842,-0.293640,-183.473358,-183.473358,183.473358
-1.497742,-1.497742,1.497742,-0.019714,0.413696,-0.296387,-183.473358,-183.473358,183.473358
-1.497742,-1.497742,1.497742,-0.016602,0.422668,-0.300659,-183.473358,-183.473358,183.473358
-1.497742,-1.497742,1.497742,-0.012817,0.441040,-0.304565,-183.473358,-183.473358,183.473358
-1.497742,-1.497742,1.497742,0.001038,0.473511,-0.308716,-183.473358,-183.473358,183.473358
-1.497742,-1.497742,1.497742,0.028198,0.559570,-0.307434,-183.473358,-183.473358,183.473358
-1.497742,-1.497742,1.497742,0.046509,0.631348,-0.289307,-183.473358,-183.473358,183.473358
-1.497742,-1.497742,1.497742,0.067139,0.692261,-0.277344,-183.473358,-183.473358,183.473358
-1.497742,-1.497742,1.497742,0.075562,0.735535,-0.225647,-183.473358,-183.473358,183.473358
-1.497742,-1.497742,1.497742,0.080566,0.792847,-0.166382,-183.473358,-183.473358,183.473358
-1.497742,-1.497742,1.497742,0.073425,0.818420,-0.134644,-183.473358,-183.473358,183.473358
-1.497742,-1.497742,1.497742,0.075562,0.831848,-0.104736,-183.473358,-183.473358,183.473358
-1.497742,-1.497742,1.497742,0.071960,0.850647,-0.097229,-183.473358,-183.473358,183.473358
-1.497742,-1.497742,1.497742,0.081604,0.851135,-0.014282,-183.473358,-183.473358,183.473358
-1.497742,-1.497742,1.497742,0.107483,0.837769,0.039185,-183.473358,-183.473358,183.473358
-1.497742,-1.497742,1.497742,0.142761,0.804443,0.064697,-183.473358,-183.473358,183.473358
-1.497742,-1.497742,1.497742,0.157776,0.787842,0.074158,-183.473358,-183.473358,183.473358
-1.497742,-1.497742,1.497742,0.153259,0.777954,0.118958,-183.473358,-183.473358,183.473358
-1.497742,-1.497742,1.497742,0.141602,0.763000,0.153137,-183.473358,-183.473358,183.473358
-1.497742,-1.497742,1.497742,0.127686,0.747559,0.182251,-183.473358,-183.473358,183.473358
-1.497742,-1.497742,1.497742,0.112976,0.725830,0.216614,-183.473358,-183.473358,183.473358
-1.497742,-1.497742,1.497742,0.102112,0.704651,0.234802,-183.473358,-183.473358,183.473358
-1.497742,-1.497742,1.497742,0.085022,0.680725,0.265503,-183.473358,-183.473358,183.473358
-1.497742,-1.497742,1.497742,0.076843,0.661743,0.273804,-183.473358,-183.473358,183.473358
-1.497742,-1.497742,1.497742,0.064087,0.646057,0.279663,-183.473358,-183.473358,183.473358
-1.497742,-1.497742,1.497742,0.058533,0.637634,0.289551,-183.473358,-183.473358,183.473358
-1.497742,-1.497742,1.497742,0.051575,0.626587,0.298523,-183.473358,-183.473358,183.473358
-1.497742,-1.497742,1.497742,0.047363,0.621826,0.322632,-183.473358,-183.473358,183.473358
-1.497742,-1.497742,1.497742,0.047913,0.624695,0.290283,-183.473358,-183.473358,183.473358
-1.497742,-1.497742,1.497742,0.049072,0.619629,0.283325,-183.473358,-183.473358,183.473358
-1.497742,-1.497742,1.497742,0.054321,0.621887,0.293274,-183.473358,-183.473358,183.473358
-1.497742,-1.497742,1.497742,0.057068,0.629028,0.292419,-183.473358,-183.473358,183.473358
-1.497742,-1.497742,1.497742,0.057068,0.627319,0.301270,-183.473358,-183.473358,183.473358
-1.497742,-1.497742,1.497742,0.057129,0.626282,0.290466,-183.473358,-183.473358,183.473358
-1.497742,-1.497742,1.497742,0.058655,0.629456,0.290222,-183.473358,-183.473358,183.473358
-1.497742,-1.497742,1.497742,0.059631,0.629944,0.292114,-183.473358,-183.473358,183.473358
-1.497742,-1.497742,1.497742,0.057495,0.629700,0.291565,-183.473358,-183.473358,183.473358
-1.497742,-1.497742,1.497742,0.055847,0.631775,0.322693,-183.473358,-183.473358,183.473358
-1.497742,-1.497742,1.497742,0.056335,0.630310,0.291931,-183.473358,-183.473358,183.473358
-1.497742,-1.497742,1.497742,0.053711,0.633362,0.288696,-183.473358,-183.473358,183.473358
