-1.497742,-1.497742,1.497742,0.016113,0.590820,0.303528,-183.473358,-183.473358,183.473358
-1.497742,-1.497742,1.497742,0.023376,0.593079,0.303467,-183.473358,-183.473358,183.473358
-1.497742,-1.497742,1.497742,0.022461,0.595886,0.303040,-183.473358,-183.473358,183.473358
-1.497742,-1.497742,1.497742,0.019714,0.592407,0.300964,-183.473358,-183.473358,183.473358
-1.497742,-1.497742,1.497742,0.025208,0.593445,0.303650,-183.473358,-183.473358,183.473358
-1.497742,-1.497742,1.497742,0.027954,0.594910,0.297424,-183.473358,-183.473358,183.473358
-1.497742,-1.497742,1.497742,0.027954,0.593140,0.300232,-183.473358,-183.473358,183.473358
-1.497742,-1.497742,1.497742,0.028076,0.594421,0.281189,-183.473358,-183.473358,183.473358
-1.497742,-1.497742,1.497742,0.025635,0.597046,0.299438,-183.473358,-183.473358,183.473358
-1.497742,-1.497742,1.497742,0.016907,0.602600,0.301697,-183.473358,-183.473358,183.473358
-1.497742,-1.497742,1.497742,-0.005859,0.607056,0.307495,-183.473358,-183.473358,183.473358
-1.497742,-1.497742,1.497742,-0.043701,0.611450,0.313904,-183.473358,-183.473358,183.473358
-1.497742,-1.497742,1.497742,-0.088562,0.617981,0.273193,-183.473358,-183.473358,183.473358
-1.497742,-1.497742,1.497742,-0.142517,0.616638,0.308228,-183.473358,-183.473358,183.473358
-1.497742,-1.497742,1.497742,-0.197876,0.636658,0.285034,-183.473358,-183.473358,183.473358
-1.497742,-1.497742,1.497742,-0.249084,0.662903,0.241882,-183.473358,-183.473358,183.473358
-1.497742,-1.497742,1.497742,-0.284790,0.686096,0.198914,-183.473358,-183.473358,183.473358
-1.497742,-1.497742,1.497742,-0.314575,0.711731,0.097229,-183.473358,-183.473358,183.473358
-1.497742,-1.497742,1.497742,-0.321777,0.734680,0.054932,-183.473358,-183.473358,183.473358
-1.497742,-1.497742,1.497742,-0.304077,0.762695,-0.011047,-183.473358,-183.473358,183.473358
-1.497742,-1.497742,1.497742,-0.259888,0.792847,-0.056458,-183.473358,-183.473358,183.473358
-1.497742,-1.497742,1.497742,-0.221069,0.807007,-0.079651,-183.473358,-183.473358,183.473358
-1.497742,-1.497742,1.497742,-0.178467,0.805237,-0.138611,-183.473358,-183.473358,183.473358
-1.497742,-1.497742,1.497742,-0.143799,0.799805,-0.150574,-183.473358,-183.473358,183.473358
-1.497742,-1.497742,1.497742,-0.117004,0.792542,-0.169373,-183.473358,-183.473358,183.473358
-1.497742,-1.497742,1.497742,-0.093506,0.773987,-0.192200,-183.473358,-183.473358,183.473358
-1.497742,-1.497742,1.497742,-0.075806,0.763611,-0.204468,-183.473358,-183.473358,183.473358
-1.497742,-1.497742,1.497742,-0.057983,0.745178,-0.209351,-183.473358,-183.473358,183.473358
-1.497742,-1.497742,1.497742,-0.050781,0.734131,-0.231750,-183.473358,-183.473358,183.473358
-1.497742,-1.497742,1.497742,-0.038391,0.720764,-0.237549,-183.473358,-183.473358,183.473358
-1.497742,-1.497742,1.497742,-0.038086,0.709473,-0.240540,-183.473358,-183.473358,183.473358
-1.497742,-1.497742,1.497742,-0.045166,0.706726,-0.246338,-183.473358,-183.473358,183.473358
-1.497742,-1.497742,1.497742,-0.047668,0.702393,-0.251404,-183.473358,-183.473358,183.473358
-1.497742,-1.497742,1.497742,-0.049133,0.701660,-0.250061,-183.473358,-183.473358,183.473358
-1.497742,-1.497742,1.497742,-0.051331,0.702393,-0.250977,-183.473358,-183.473358,183.473358
-1.497742,-1.497742,1.497742,-0.053772,0.701111,-0.249573,-183.473358,-183.473358,183.473358
-1.497742,-1.497742,1.497742,-0.058044,0.702820,-0.252136,-183.473358,-183.473358,183.473358
-1.497742,-1.497742,1.497742,-0.056519,0.702698,-0.263184,-183.473358,-183.473358,183.473358
-1.497742,-1.497742,1.497742,-0.058228,0.702576,-0.251648,-183.473358,-183.473358,183.473358
-1.497742,-1.497742,1.497742,-0.058167,0.701538,-0.249939,-183.473358,-183.473358,183.473358
-1.497742,-1.497742,1.497742,-0.055664,0.709290,-0.249207,-183.473358,-183.473358,183.473358
-1.497742,-1.497742,1.497742,-0.056152,0.713074,-0.247009,-183.473358,-183.473358,183.473358
-1.497742,-1.497742,1.497742,-0.058350,0.715637,-0.226501,-183.473358,-183.473358,183.473358
-1.497742,-1.497742,1.497742,-0.063354,0.718567,-0.239197,-183.473358,-183.473358,183.473358
-1.497742,-1.497742,1.497742,-0.079956,0.722229,-0.240967,-183.473358,-183.473358,183.473358
-1.497742,-1.497742,1.497742,-0.106384,0.732971,-0.226135,-183.473358,-183.473358,183.473358
-1.497742,-1.497742,1.497742,-0.129761,0.737976,-0.215210,-183.473358,-183.473358,183.473358
-1.497742,-1.497742,1.497742,-0.161072,0.756226,-0.191772,-183.473358,-183.473358,183.473358
-1.497742,-1.497742,1.497742,-0.195068,0.771729,-0.165466,-183.473358,-183.473358,183.473358
-1.497742,-1.497742,1.497742,-0.225403,0.778809,-0.102295,-183.473358,-183.473358,183.473358
-1.497742,-1.497742,1.497742,-0.273804,0.776428,-0.059326,-183.473358,-183.473358,183.473358
-1.497742,-1.497742,1.497742,-0.290955,0.775879,-0.001038,-183.473358,-183.473358,183.473358
-1.497742,-1.497742,1.497742,-0.300964,0.758118,0.089661,-183.473358,-183.473358,183.473358
-1.497742,-1.497742,1.497742,-0.298767,0.735046,0.125183,-183.473358,-183.473358,183.473358
-1.497742,-1.497742,1.497742,-0.282532,0.717896,0.180481,-183.473358,-183.473358,183.473358
-1.497742,-1.497742,1.497742,-0.237061,0.693054,0.235779,-183.473358,-183.473358,183.473358
-1.497742,-1.497742,1.497742,-0.211182,0.674316,0.258972,-183.473358,-183.473358,183.473358
-1.497742,-1.497742,1.497742,-0.164429,0.657898,0.293945,-183.473358,-183.473358,183.473358
-1.497742,-1.497742,1.497742,-0.130493,0.636475,0.301514,-183.473358,-183.473358,183.473358
-1.497742,-1.497742,1.497742,-0.104736,0.623535,0.309753,-183.473358,-183.473358,183.473358
-1.497742,-1.497742,1.497742,-0.077271,0.606506,0.314758,-183.473358,-183.473358,183.473358
-1.497742,-1.497742,1.497742,-0.055908,0.594788,0.315063,-183.473358,-183.473358,183.473358
-1.497742,-1.497742,1.497742,-0.033630,0.585327,0.320374,-183.473358,-183.473358,183.473358
-1.497742,-1.497742,1.497742,-0.019470,0.578430,0.315552,-183.473358,-183.473358,183.473358
-1.497742,-1.497742,1.497742,-0.001526,0.578064,0.286438,-183.473358,-183.473358,183.473358
-1.497742,-1.497742,1.497742,0.010498,0.575073,0.304565,-183.473358,-183.473358,183.473358
-1.497742,-1.497742,1.497742,0.019409,0.576538,0.306519,-183.473358,-183.473358,183.473358
-1.497742,-1.497742,1.497742,0.029724,0.585205,0.296936,-183.473358,-183.473358,183.473358
-1.497742,-1.497742,1.497742,0.036011,0.583984,0.299316,-183.473358,-183.473358,183.473358
-1.497742,-1.497742,1.497742,0.035889,0.587708,0.287048,-183.473358,-183.473358,183.473358
-1.497742,-1.497742,1.497742,0.041199,0.587463,0.298035,-183.473358,-183.473358,183.473358
-1.497742,-1.497742,1.497742,0.037537,0.588928,0.295654,-183.473358,-183.473358,183.473358
-1.497742,-1.497742,1.497742,0.038208,0.593872,0.295166,-183.473358,-183.473358,183.473358
-1.497742,-1.497742,1.497742,0.040894,0.592285,0.294678,-183.473358,-183.473358,183.473358
-1.497742,-1.497742,1.497742,0.037781,0.597656,0.277405,-183.473358,-183.473358,183.473358
-1.497742,-1.497742,1.497742,0.035095,0.598755,0.297913,-183.473358,-183.473358,183.473358
-1.497742,-1.497742,1.497742,0.029114,0.606873,0.295715,-183.473358,-183.473358,183.473358
-1.497742,-1.497742,1.497742,0.017151,0.613159,0.300415,-183.473358,-183.473358,183.473358
-1.497742,-1.497742,1.497742,0.004395,0.625122,0.301880,-183.473358,-183.473358,183.473358
-1.497742,-1.497742,1.497742,-0.014709,0.634460,0.276123,-183.473358,-183.473358,183.473358
-1.497742,-1.497742,1.497742,-0.050598,0.641968,0.305054,-183.473358,-183.473358,183.473358
-1.497742,-1.497742,1.497742,-0.079651,0.652649,0.303345,-183.473358,-183.473358,183.473358
-1.497742,-1.497742,1.497742,-0.124817,0.667969,0.293579,-183.473358,-183.473358,183.473358
-1.497742,-1.497742,1.497742,-0.163696,0.678894,0.275146,-183.473358,-183.473358,183.473358
-1.497742,-1.497742,1.497742,-0.213318,0.696106,0.276672,-183.473358,-183.473358,183.473358
-1.497742,-1.497742,1.497742,-0.253784,0.704285,0.212891,-183.473358,-183.473358,183.473358
-1.497742,-1.497742,1.497742,-0.283142,0.714172,0.174744,-183.473358,-183.473358,183.473358
-1.497742,-1.497742,1.497742,-0.310547,0.725037,0.120361,-183.473358,-183.473358,183.473358
-1.497742,-1.497742,1.497742,-0.321838,0.731689,0.067810,-183.473358,-183.473358,183.473358
-1.497742,-1.497742,1.497742,-0.322876,0.740417,0.021973,-183.473358,-183.473358,183.473358
-1.497742,-1.497742,1.497742,-0.308533,0.747314,-0.045044,-183.473358,-183.473358,183.473358
-1.497742,-1.497742,1.497742,-0.285339,0.756165,-0.084534,-183.473358,-183.473358,183.473358
-1.497742,-1.497742,1.497742,-0.255432,0.760925,-0.118530,-183.473358,-183.473358,183.473358
-1.497742,-1.497742,1.497742,-0.229614,0.764404,-0.147888,-183.473358,-183.473358,183.473358
-1.497742,-1.497742,1.497742,-0.201965,0.760498,-0.174438,-183.473358,-183.473358,183.473358
-1.497742,-1.497742,1.497742,-0.177307,0.753540,-0.189819,-183.473358,-183.473358,183.473358
-1.497742,-1.497742,1.497742,-0.158081,0.745605,-0.204163,-183.473358,-183.473358,183.473358
-1.497742,-1.497742,1.497742,-0.130737,0.737000,-0.218384,-183.473358,-183.473358,183.473358
-1.497742,-1.497742,1.497742,-0.111389,0.728638,-0.224487,-183.473358,-183.473358,183.473358
-1.497742,-1.497742,1.497742,-0.080261,0.716125,-0.225037,-183.473358,-183.473358,183.473358
-1.497742,-1.497742,1.497742,-0.077148,0.713928,-0.236328,-183.473358,-183.473358,183.473358
-1.497742,-1.497742,1.497742,-0.065002,0.709045,-0.243713,-183.473358,-183.473358,183.473358
-1.497742,-1.497742,1.497742,-0.063782,0.708069,-0.241089,-183.473358,-183.473358,183.473358
-1.497742,-1.497742,1.497742,-0.066406,0.707947,-0.244751,-183.473358,-183.473358,183.473358
-1.497742,-1.497742,1.497742,-0.063416,0.703369,-0.254089,-183.473358,-183.473358,183.473358
-1.497742,-1.497742,1.497742,-0.067444,0.701843,-0.243347,-183.473358,-183.473358,183.473358
-1.497742,-1.497742,1.497742,-0.065186,0.701294,-0.246338,-183.473358,-183.473358,183.473358
-1.497742,-1.497742,1.497742,-0.065308,0.702637,-0.244202,-183.473358,-183.473358,183.473358
-1.497742,-1.497742,1.497742,-0.066528,0.701477,-0.247131,-183.473358,-183.473358,183.473358
-1.497742,-1.497742,1.497742,-0.068726,0.700745,-0.287415,-183.473358,-183.473358,183.473358
-1.497742,-1.497742,1.497742,-0.072021,0.703674,-0.243042,-183.473358,-183.473358,183.473358
-1.497742,-1.497742,1.497742,-0.089417,0.705750,-0.244385,-183.473358,-183.473358,183.473358
-1.497742,-1.497742,1.497742,-0.123413,0.708008,-0.234863,-183.473358,-183.473358,183.473358
-1.497742,-1.497742,1.497742,-0.155151,0.712708,-0.220459,-183.473358,-183.473358,183.473358
-1.497742,-1.497742,1.497742,-0.191467,0.720764,-0.216064,-183.473358,-183.473358,183.473358
-1.497742,-1.497742,1.497742,-0.224609,0.727966,-0.177612,-183.473358,-183.473358,183.473358
-1.497742,-1.497742,1.497742,-0.259644,0.734131,-0.140564,-183.473358,-183.473358,183.473358
-1.497742,-1.497742,1.497742,-0.293823,0.742920,-0.075562,-183.473358,-183.473358,183.473358
-1.497742,-1.497742,1.497742,-0.308655,0.744873,-0.022949,-183.473358,-183.473358,183.473358
-1.497742,-1.497742,1.497742,-0.312256,0.747009,0.031738,-183.473358,-183.473358,183.473358
-1.497742,-1.497742,1.497742,-0.300598,0.747437,0.094116,-183.473358,-183.473358,183.473358
-1.497742,-1.497742,1.497742,-0.283508,0.738953,0.141663,-183.473358,-183.473358,183.473358
-1.497742,-1.497742,1.497742,-0.257629,0.714050,0.195862,-183.473358,-183.473358,183.473358
-1.497742,-1.497742,1.497742,-0.240051,0.685974,0.232422,-183.473358,-183.473358,183.473358
-1.497742,-1.497742,1.497742,-0.183960,0.665222,0.333923,-183.473358,-183.473358,183.473358
-1.497742,-1.497742,1.497742,-0.131165,0.642944,0.299377,-183.473358,-183.473358,183.473358
-1.497742,-1.497742,1.497742,-0.070801,0.620544,0.311462,-183.473358,-183.473358,183.473358
-1.497742,-1.497742,1.497742,-0.035400,0.604370,0.310120,-183.473358,-183.473358,183.473358
-1.497742,-1.497742,1.497742,-0.019226,0.594482,0.310303,-183.473358,-183.473358,183.473358
-1.497742,-1.497742,1.497742,0.003967,0.587341,0.318726,-183.473358,-183.473358,183.473358
-1.497742,-1.497742,1.497742,0.008545,0.578430,0.306946,-183.473358,-183.473358,183.473358
-1.497742,-1.497742,1.497742,0.011597,0.571594,0.304871,-183.473358,-183.473358,183.473358
-1.497742,-1.497742,1.497742,0.014343,0.575562,0.305725,-183.473358,-183.473358,183.473358
-1.497742,-1.497742,1.497742,0.015137,0.576660,0.305359,-183.473358,-183.473358,183.473358
-1.497742,-1.497742,1.497742,0.019958,0.578186,0.297180,-183.473358,-183.473358,183.473358
-1.497742,-1.497742,1.497742,0.022522,0.577393,0.302246,-183.473358,-183.473358,183.473358
-1.497742,-1.497742,1.497742,0.023987,0.579224,0.298645,-183.473358,-183.473358,183.473358
-1.497742,-1.497742,1.497742,0.025024,0.580627,0.298462,-183.473358,-183.473358,183.473358
-1.497742,-1.497742,1.497742,0.026184,0.579224,0.298218,-183.473358,-183.473358,183.473358
-1.497742,-1.497742,1.497742,0.027893,0.584534,0.293762,-183.473358,-183.473358,183.473358
-1.497742,-1.497742,1.497742,0.029236,0.586121,0.298096,-183.473358,-183.473358,183.473358
-1.497742,-1.497742,1.497742,0.026001,0.585205,0.295837,-183.473358,-183.473358,183.473358
-1.497742,-1.497742,1.497742,0.026855,0.584717,0.299194,-183.473358,-183.473358,183.473358
-1.497742,-1.497742,1.497742,0.026733,0.588074,0.300232,-183.473358,-183.473358,183.473358
-1.497742,-1.497742,1.497742,0.020386,0.592285,0.320984,-183.473358,-183.473358,183.473358
-1.497742,-1.497742,1.497742,0.015137,0.588440,0.301819,-183.473358,-183.473358,183.473358
-1.497742,-1.497742,1.497742,0.002075,0.595215,0.365784,-183.473358,-183.473358,183.473358
-1.497742,-1.497742,1.497742,-0.021729,0.600098,0.313416,-183.473358,-183.473358,183.473358
-1.497742,-1.497742,1.497742,-0.047729,0.604553,0.312378,-183.473358,-183.473358,183.473358
-1.497742,-1.497742,1.497742,-0.086426,0.616272,0.323059,-183.473358,-183.473358,183.473358
-1.497742,-1.497742,1.497742,-0.136292,0.623047,0.306091,-183.473358,-183.473358,183.473358
-1.497742,-1.497742,1.497742,-0.178772,0.640320,0.278137,-183.473358,-183.473358,183.473358
-1.497742,-1.497742,1.497742,-0.218140,0.663818,0.259460,-183.473358,-183.473358,183.473358
-1.497742,-1.497742,1.497742,-0.246643,0.682861,0.235535,-183.473358,-183.473358,183.473358
-1.497742,-1.497742,1.497742,-0.271851,0.700195,0.199585,-183.473358,-183.473358,183.473358
-1.497742,-1.497742,1.497742,-0.289856,0.714722,0.165039,-183.473358,-183.473358,183.473358
-1.497742,-1.497742,1.497742,-0.306091,0.726990,0.084900,-183.473358,-183.473358,183.473358
-1.497742,-1.497742,1.497742,-0.316101,0.743164,0.051392,-183.473358,-183.473358,183.473358
-1.497742,-1.497742,1.497742,-0.312561,0.749390,0.000183,-183.473358,-183.473358,183.473358
-1.497742,-1.497742,1.497742,-0.294983,0.752808,-0.059326,-183.473358,-183.473358,183.473358
-1.497742,-1.497742,1.497742,-0.277405,0.750732,-0.099487,-183.473358,-183.473358,183.473358
-1.497742,-1.497742,1.497742,-0.247681,0.751282,-0.158569,-183.473358,-183.473358,183.473358
-1.497742,-1.497742,1.497742,-0.214539,0.747253,-0.170471,-183.473358,-183.473358,183.473358
-1.497742,-1.497742,1.497742,-0.170166,0.742798,-0.198364,-183.473358,-183.473358,183.473358
-1.497742,-1.497742,1.497742,-0.142456,0.732056,-0.219421,-183.473358,-183.473358,183.473358
-1.497742,-1.497742,1.497742,-0.120483,0.724670,-0.224548,-183.473358,-183.473358,183.473358
-1.497742,-1.497742,1.497742,-0.114258,0.715942,-0.210205,-183.473358,-183.473358,183.473358
-1.497742,-1.497742,1.497742,-0.103577,0.708069,-0.238953,-183.473358,-183.473358,183.473358
-1.497742,-1.497742,1.497742,-0.098267,0.700012,-0.240234,-183.473358,-183.473358,183.473358
-1.497742,-1.497742,1.497742,-0.092285,0.700317,-0.237305,-183.473358,-183.473358,183.473358
-1.497742,-1.497742,1.497742,-0.087158,0.692749,-0.241455,-183.473358,-183.473358,183.473358
-1.497742,-1.497742,1.497742,-0.091309,0.692932,-0.249756,-183.473358,-183.473358,183.473358
-1.497742,-1.497742,1.497742,-0.091003,0.692749,-0.245300,-183.473358,-183.473358,183.473358
-1.497742,-1.497742,1.497742,-0.092468,0.692200,-0.243591,-183.473358,-183.473358,183.473358
-1.497742,-1.497742,1.497742,-0.092896,0.694641,-0.242432,-183.473358,-183.473358,183.473358
-1.497742,-1.497742,1.497742,-0.094543,0.694214,-0.241516,-183.473358,-183.473358,183.473358
-1.497742,-1.497742,1.497742,-0.102173,0.699707,-0.226501,-183.473358,-183.473358,183.473358
-1.497742,-1.497742,1.497742,-0.123230,0.703674,-0.234314,-183.473358,-183.473358,183.473358
-1.497742,-1.497742,1.497742,-0.135986,0.710754,-0.225464,-183.473358,-183.473358,183.473358
-1.497742,-1.497742,1.497742,-0.139587,0.718567,-0.223145,-183.473358,-183.473358,183.473358
-1.497742,-1.497742,1.497742,-0.139160,0.729858,-0.216492,-183.473358,-183.473358,183.473358
-1.497742,-1.497742,1.497742,-0.146118,0.740051,-0.222412,-183.473358,-183.473358,183.473358
-1.497742,-1.497742,1.497742,-0.166138,0.750793,-0.190186,-183.473358,-183.473358,183.473358
-1.497742,-1.497742,1.497742,-0.204956,0.757935,-0.164673,-183.473358,-183.473358,183.473358
-1.497742,-1.497742,1.497742,-0.260498,0.763855,-0.106506,-183.473358,-183.473358,183.473358
-1.497742,-1.497742,1.497742,-0.293579,0.758179,-0.047729,-183.473358,-183.473358,183.473358
-1.497742,-1.497742,1.497742,-0.313110,0.739990,0.040955,-183.473358,-183.473358,183.473358
-1.497742,-1.497742,1.497742,-0.310913,0.727417,0.107117,-183.473358,-183.473358,183.473358
-1.497742,-1.497742,1.497742,-0.287720,0.712463,0.175293,-183.473358,-183.473358,183.473358
-1.497742,-1.497742,1.497742,-0.257996,0.688599,0.219910,-183.473358,-183.473358,183.473358
-1.497742,-1.497742,1.497742,-0.218994,0.667053,0.254639,-183.473358,-183.473358,183.473358
-1.497742,-1.497742,1.497742,-0.182129,0.644653,0.280090,-183.473358,-183.473358,183.473358
-1.497742,-1.497742,1.497742,-0.141479,0.627075,0.298279,-183.473358,-183.473358,183.473358
-1.497742,-1.497742,1.497742,-0.114136,0.609070,0.310059,-183.473358,-183.473358,183.473358
-1.497742,-1.497742,1.497742,-0.079956,0.596497,0.313354,-183.473358,-183.473358,183.473358
-1.497742,-1.497742,1.497742,-0.067383,0.592224,0.314270,-183.473358,-183.473358,183.473358
-1.497742,-1.497742,1.497742,-0.032104,0.578308,0.298218,-183.473358,-183.473358,183.473358
-1.497742,-1.497742,1.497742,-0.018616,0.573669,0.312012,-183.473358,-183.473358,183.473358
-1.497742,-1.497742,1.497742,-0.003601,0.571838,0.309326,-183.473358,-183.473358,183.473358
-1.497742,-1.497742,1.497742,0.004700,0.571960,0.307861,-183.473358,-183.473358,183.473358
-1.497742,-1.497742,1.497742,0.010498,0.569092,0.306213,-183.473358,-183.473358,183.473358
-1.497742,-1.497742,1.497742,0.009888,0.568909,0.302917,-183.473358,-183.473358,183.473358
-1.497742,-1.497742,1.497742,0.011902,0.570618,0.303772,-183.473358,-183.473358,183.473358
-1.497742,-1.497742,1.497742,0.011902,0.571045,0.306824,-183.473358,-183.473358,183.473358
-1.497742,-1.497742,1.497742,0.015442,0.570374,0.306458,-183.473358,-183.473358,183.473358
-1.497742,-1.497742,1.497742,0.012146,0.570557,0.305298,-183.473358,-183.473358,183.473358
-1.497742,-1.497742,1.497742,0.012268,0.568726,0.284851,-183.473358,-183.473358,183.473358
-1.497742,-1.497742,1.497742,0.014282,0.573120,0.303528,-183.473358,-183.473358,183.473358
-1.497742,-1.497742,1.497742,0.012146,0.573486,0.304016,-183.473358,-183.473358,183.473358
-1.497742,-1.497742,1.497742,0.014160,0.573364,0.302979,-183.473358,-183.473358,183.473358
-1.497742,-1.497742,1.497742,0.014038,0.576172,0.303772,-183.473358,-183.473358,183.473358
-1.497742,-1.497742,1.497742,0.011353,0.574585,0.294617,-183.473358,-183.473358,183.473358
-1.497742,-1.497742,1.497742,0.013489,0.576355,0.302185,-183.473358,-183.473358,183.473358
-1.497742,-1.497742,1.497742,0.013489,0.577148,0.306152,-183.473358,-183.473358,183.473358
-1.497742,-1.497742,1.497742,0.013000,0.574951,0.300110,-183.473358,-183.473358,183.473358
-1.497742,-1.497742,1.497742,0.013611,0.574707,0.300903,-183.473358,-183.473358,183.473358
-1.497742,-1.497742,1.497742,0.014465,0.576904,0.329102,-183.473358,-183.473358,183.473358
-1.497742,-1.497742,1.497742,0.013367,0.578308,0.301880,-183.473358,-183.473358,183.473358
-1.497742,-1.497742,1.497742,0.015198,0.574341,0.300964,-183.473358,-183.473358,183.473358
-1.497742,-1.497742,1.497742,0.016113,0.577637,0.304504,-183.473358,-183.473358,183.473358
-1.497742,-1.497742,1.497742,0.016846,0.578003,0.301208,-183.473358,-183.473358,183.473358
-1.497742,-1.497742,1.497742,0.016663,0.582458,0.293579,-183.473358,-183.473358,183.473358
-1.497742,-1.497742,1.497742,0.017944,0.581787,0.301331,-183.473358,-183.473358,183.473358
-1.497742,-1.497742,1.497742,0.016357,0.584106,0.301270,-183.473358,-183.473358,183.473358
-1.497742,-1.497742,1.497742,0.016418,0.584106,0.299500,-183.473358,-183.473358,183.473358
-1.497742,-1.497742,1.497742,0.018433,0.585327,0.299927,-183.473358,-183.473358,183.473358
-1.497742,-1.497742,1.497742,0.018250,0.584351,0.275085,-183.473358,-183.473358,183.473358
-1.497742,-1.497742,1.497742,0.018799,0.587280,0.302124,-183.473358,-183.473358,183.473358
-1.497742,-1.497742,1.497742,0.017700,0.586670,0.299866,-183.473358,-183.473358,183.473358
-1.497742,-1.497742,1.497742,0.016785,0.588928,0.301575,-183.473358,-183.473358,183.473358
-1.497742,-1.497742,1.497742,0.017395,0.590515,0.301270,-183.473358,-183.473358,183.473358
-1.497742,-1.497742,1.497742,0.016968,0.589233,0.278870,-183.473358,-183.473358,183.473358
-1.497742,-1.497742,1.497742,0.019226,0.589661,0.296814,-183.473358,-183.473358,183.473358
-1.497742,-1.497742,1.497742,0.018677,0.588074,0.301086,-183.473358,-183.473358,183.473358
-1.497742,-1.497742,1.497742,0.019775,0.592224,0.300415,-183.473358,-183.473358,183.473358
-1.497742,-1.497742,1.497742,0.017944,0.593140,0.299500,-183.473358,-183.473358,183.473358
-1.497742,-1.497742,1.497742,0.019592,0.589844,0.289734,-183.473358,-183.473358,183.473358
