-1.497742,-1.497742,1.497742,-0.100952,0.729980,-0.251831,-183.473358,-183.473358,183.473358
-1.497742,-1.497742,1.497742,-0.100464,0.727356,-0.241821,-183.473358,-183.473358,183.473358
-1.497742,-1.497742,1.497742,-0.101440,0.728210,-0.251770,-183.473358,-183.473358,183.473358
-1.497742,-1.497742,1.497742,-0.099426,0.730103,-0.249084,-183.473358,-183.473358,183.473358
-1.497742,-1.497742,1.497742,-0.100708,0.727600,-0.249329,-183.473358,-183.473358,183.473358
-1.497742,-1.497742,1.497742,-0.101196,0.730591,-0.251770,-183.473358,-183.473358,183.473358
-1.497742,-1.497742,1.497742,-0.100464,0.728760,-0.250549,-183.473358,-183.473358,183.473358
-1.497742,-1.497742,1.497742,-0.099915,0.730164,-0.254272,-183.473358,-183.473358,183.473358
-1.497742,-1.497742,1.497742,-0.100220,0.727295,-0.199524,-183.473358,-183.473358,183.473358
-1.497742,-1.497742,1.497742,-0.103271,0.729675,-0.249634,-183.473358,-183.473358,183.473358
-1.497742,-1.497742,1.497742,-0.100830,0.730652,-0.249573,-183.473358,-183.473358,183.473358
-1.497742,-1.497742,1.497742,-0.100342,0.727478,-0.251465,-183.473358,-183.473358,183.473358
-1.497742,-1.497742,1.497742,-0.098572,0.730530,-0.248840,-183.473358,-183.473358,183.473358
-1.497742,-1.497742,1.497742,-0.098633,0.727844,-0.252319,-183.473358,-183.473358,183.473358
-1.497742,-1.497742,1.497742,-0.100464,0.727966,-0.249939,-183.473358,-183.473358,183.473358
-1.497742,-1.497742,1.497742,-0.097778,0.728577,-0.265564,-183.473358,-183.473358,183.473358
-1.497742,-1.497742,1.497742,-0.101685,0.728577,-0.247375,-183.473358,-183.473358,183.473358
-1.497742,-1.497742,1.497742,-0.101440,0.728699,-0.248779,-183.473358,-183.473358,183.473358
-1.497742,-1.497742,1.497742,-0.098511,0.729065,-0.249878,-183.473358,-183.473358,183.473358
-1.497742,-1.497742,1.497742,-0.099915,0.727783,-0.250244,-183.473358,-183.473358,183.473358
-1.497742,-1.497742,1.497742,-0.100403,0.729675,-0.251160,-183.473358,-183.473358,183.473358
-1.497742,-1.497742,1.497742,-0.101135,0.726990,-0.248840,-183.473358,-183.473358,183.473358
-1.497742,-1.497742,1.497742,-0.101196,0.728760,-0.253296,-183.473358,-183.473358,183.473358
-1.497742,-1.497742,1.497742,-0.102478,0.728882,-0.249756,-183.473358,-183.473358,183.473358
-1.497742,-1.497742,1.497742,-0.100708,0.727295,-0.250549,-183.473358,-183.473358,183.473358
-1.497742,-1.497742,1.497742,-0.101440,0.728027,-0.248962,-183.473358,-183.473358,183.473358
-1.497742,-1.497742,1.497742,-0.100952,0.729248,-0.253235,-183.473358,-183.473358,183.473358
-1.497742,-1.497742,1.497742,-0.100586,0.728943,-0.279236,-183.473358,-183.473358,183.473358
-1.497742,-1.497742,1.497742,-0.100037,0.730408,-0.248962,-183.473358,-183.473358,183.473358
-1.497742,-1.497742,1.497742,-0.102478,0.728516,-0.268311,-183.473358,-183.473358,183.473358
-1.497742,-1.497742,1.497742,-0.101990,0.725403,-0.252930,-183.473358,-183.473358,183.473358
-1.497742,-1.497742,1.497742,-0.099670,0.729309,-0.250427,-183.473358,-183.473358,183.473358
-1.497742,-1.497742,1.497742,-0.100708,0.728455,-0.247070,-183.473358,-183.473358,183.473358
-1.497742,-1.497742,1.497742,-0.098938,0.729492,-0.251709,-183.473358,-183.473358,183.473358
-1.497742,-1.497742,1.497742,-0.102295,0.726562,-0.251831,-183.473358,-183.473358,183.473358
-1.497742,-1.497742,1.497742,-0.100891,0.730591,-0.254517,-183.473358,-183.473358,183.473358
-1.497742,-1.497742,1.497742,-0.100220,0.726807,-0.250183,-183.473358,-183.473358,183.473358
-1.497742,-1.497742,1.497742,-0.099121,0.727112,-0.248169,-183.473358,-183.473358,183.473358
-1.497742,-1.497742,1.497742,-0.102844,0.731812,-0.253296,-183.473358,-183.473358,183.473358
-1.497742,-1.497742,1.497742,-0.099854,0.730225,-0.249817,-183.473358,-183.473358,183.473358
-1.497742,-1.497742,1.497742,-0.099487,0.729126,-0.250488,-183.473358,-183.473358,183.473358
-1.497742,-1.497742,1.497742,-0.101074,0.728149,-0.249329,-183.473358,-183.473358,183.473358
-1.497742,-1.497742,1.497742,-0.098755,0.727112,-0.253174,-183.473358,-183.473358,183.473358
-1.497742,-1.497742,1.497742,-0.099304,0.728821,-0.250427,-183.473358,-183.473358,183.473358
-1.497742,-1.497742,1.497742,-0.099060,0.729065,-0.254028,-183.473358,-183.473358,183.473358
-1.497742,-1.497742,1.497742,-0.103210,0.728149,-0.250977,-183.473358,-183.473358,183.473358
-1.497742,-1.497742,1.497742,-0.101868,0.728271,-0.265320,-183.473358,-183.473358,183.473358
-1.497742,-1.497742,1.497742,-0.101196,0.726929,-0.251648,-183.473358,-183.473358,183.473358
-1.497742,-1.497742,1.497742,-0.101257,0.729370,-0.251587,-183.473358,-183.473358,183.473358
-1.497742,-1.497742,1.497742,-0.100220,0.728882,-0.248962,-183.473358,-183.473358,183.473358
-1.497742,-1.497742,1.497742,-0.103333,0.730347,-0.252075,-183.473358,-183.473358,183.473358
-1.497742,-1.497742,1.497742,-0.101624,0.729431,-0.252808,-183.473358,-183.473358,183.473358
-1.497742,-1.497742,1.497742,-0.098816,0.728760,-0.254883,-183.473358,-183.473358,183.473358
-1.497742,-1.497742,1.497742,-0.100525,0.726685,-0.219299,-183.473358,-183.473358,183.473358
-1.497742,-1.497742,1.497742,-0.102722,0.726318,-0.253113,-183.473358,-183.473358,183.473358
-1.497742,-1.497742,1.497742,-0.099243,0.729858,-0.251526,-183.473358,-183.473358,183.473358
-1.497742,-1.497742,1.497742,-0.099548,0.729248,-0.252319,-183.473358,-183.473358,183.473358
-1.497742,-1.497742,1.497742,-0.099548,0.729797,-0.253174,-183.473358,-183.473358,183.473358
-1.497742,-1.497742,1.497742,-0.099426,0.730408,-0.248718,-183.473358,-183.473358,183.473358
-1.497742,-1.497742,1.497742,-0.100220,0.729797,-0.251770,-183.473358,-183.473358,183.473358
-1.497742,-1.497742,1.497742,-0.100220,0.730347,-0.250122,-183.473358,-183.473358,183.473358
