-1.497742,-1.497742,1.497742,-0.248596,0.434082,0.252319,-183.473358,-183.473358,183.473358
-1.497742,-1.497742,1.497742,-0.251221,0.433899,0.253845,-183.473358,-183.473358,183.473358
-1.497742,-1.497742,1.497742,-0.248962,0.432678,0.252808,-183.473358,-183.473358,183.473358
-1.497742,-1.497742,1.497742,-0.248535,0.434021,0.251648,-183.473358,-183.473358,183.473358
-1.497742,-1.497742,1.497742,-0.249878,0.433655,0.250732,-183.473358,-183.473358,183.473358
-1.497742,-1.497742,1.497742,-0.250610,0.434448,0.253296,-183.473358,-183.473358,183.473358
-1.497742,-1.497742,1.497742,-0.247131,0.433838,0.254761,-183.473358,-183.473358,183.473358
-1.497742,-1.497742,1.497742,-0.248413,0.435059,0.254578,-183.473358,-183.473358,183.473358
-1.497742,-1.497742,1.497742,-0.246521,0.433838,0.253540,-183.473358,-183.473358,183.473358
-1.497742,-1.497742,1.497742,-0.246277,0.434753,0.259094,-183.473358,-183.473358,183.473358
-1.497742,-1.497742,1.497742,-0.249451,0.435364,0.251221,-183.473358,-183.473358,183.473358
-1.497742,-1.497742,1.497742,-0.248840,0.432800,0.229065,-183.473358,-183.473358,183.473358
-1.497742,-1.497742,1.497742,-0.249634,0.431030,0.252258,-183.473358,-183.473358,183.473358
-1.497742,-1.497742,1.497742,-0.248291,0.433472,0.254211,-183.473358,-183.473358,183.473358
-1.497742,-1.497742,1.497742,-0.250732,0.432983,0.254333,-183.473358,-183.473358,183.473358
-1.497742,-1.497742,1.497742,-0.250366,0.432007,0.253174,-183.473358,-183.473358,183.473358
-1.497742,-1.497742,1.497742,-0.247375,0.433777,0.249634,-183.473358,-183.473358,183.473358
-1.497742,-1.497742,1.497742,-0.245667,0.433350,0.249756,-183.473358,-183.473358,183.473358
-1.497742,-1.497742,1.497742,-0.250610,0.434204,0.250122,-183.473358,-183.473358,183.473358
-1.497742,-1.497742,1.497742,-0.248596,0.432068,0.259338,-183.473358,-183.473358,183.473358
-1.497742,-1.497742,1.497742,-0.247742,0.431702,0.250061,-183.473358,-183.473358,183.473358
-1.497742,-1.497742,1.497742,-0.246948,0.433777,0.242065,-183.473358,-183.473358,183.473358
-1.497742,-1.497742,1.497742,-0.246826,0.431885,0.253052,-183.473358,-183.473358,183.473358
-1.497742,-1.497742,1.497742,-0.248169,0.432556,0.249390,-183.473358,-183.473358,183.473358
-1.497742,-1.497742,1.497742,-0.247437,0.431946,0.255859,-183.473358,-183.473358,183.473358
-1.497742,-1.497742,1.497742,-0.248657,0.431091,0.248596,-183.473358,-183.473358,183.473358
-1.497742,-1.497742,1.497742,-0.249817,0.432983,0.247131,-183.473358,-183.473358,183.473358
-1.497742,-1.497742,1.497742,-0.246033,0.431274,0.249084,-183.473358,-183.473358,183.473358
-1.497742,-1.497742,1.497742,-0.247437,0.431641,0.250610,-183.473358,-183.473358,183.473358
-1.497742,-1.497742,1.497742,-0.248352,0.431335,0.236694,-183.473358,-183.473358,183.473358
-1.497742,-1.497742,1.497742,-0.249268,0.436279,0.253418,-183.473358,-183.473358,183.473358
-1.497742,-1.497742,1.497742,-0.249268,0.433655,0.230530,-183.473358,-183.473358,183.473358
-1.497742,-1.497742,1.497742,-0.249451,0.434265,0.249023,-183.473358,-183.473358,183.473358
-1.497742,-1.497742,1.497742,-0.249451,0.433777,0.252441,-183.473358,-183.473358,183.473358
-1.497742,-1.497742,1.497742,-0.249512,0.432800,0.252686,-183.473358,-183.473358,183.473358
-1.497742,-1.497742,1.497742,-0.248474,0.432556,0.247620,-183.473358,-183.473358,183.473358
-1.497742,-1.497742,1.497742,-0.249329,0.430908,0.291260,-183.473358,-183.473358,183.473358
-1.497742,-1.497742,1.497742,-0.249878,0.431763,0.252991,-183.473358,-183.473358,183.473358
-1.497742,-1.497742,1.497742,-0.247620,0.432251,0.249878,-183.473358,-183.473358,183.473358
-1.497742,-1.497742,1.497742,-0.246887,0.433777,0.250916,-183.473358,-183.473358,183.473358
-1.497742,-1.497742,1.497742,-0.249146,0.432861,0.250854,-183.473358,-183.473358,183.473358
-1.497742,-1.497742,1.497742,-0.248413,0.435913,0.249268,-183.473358,-183.473358,183.473358
-1.497742,-1.497742,1.497742,-0.247986,0.433411,0.252991,-183.473358,-183.473358,183.473358
-1.497742,-1.497742,1.497742,-0.249817,0.433716,0.253479,-183.473358,-183.473358,183.473358
-1.497742,-1.497742,1.497742,-0.249451,0.434143,0.250854,-183.473358,-183.473358,183.473358
-1.497742,-1.497742,1.497742,-0.248840,0.436157,0.252930,-183.473358,-183.473358,183.473358
-1.497742,-1.497742,1.497742,-0.247620,0.434143,0.259460,-183.473358,-183.473358,183.473358
-1.497742,-1.497742,1.497742,-0.249329,0.433960,0.254089,-183.473358,-183.473358,183.473358
-1.497742,-1.497742,1.497742,-0.248901,0.434509,0.256165,-183.473358,-183.473358,183.473358
-1.497742,-1.497742,1.497742,-0.248779,0.432373,0.252991,-183.473358,-183.473358,183.473358
-1.497742,-1.497742,1.497742,-0.246948,0.433960,0.253845,-183.473358,-183.473358,183.473358
-1.497742,-1.497742,1.497742,-0.249573,0.433655,0.259094,-183.473358,-183.473358,183.473358
-1.497742,-1.497742,1.497742,-0.249268,0.434204,0.253296,-183.473358,-183.473358,183.473358
-1.497742,-1.497742,1.497742,-0.247314,0.435059,0.256409,-183.473358,-183.473358,183.473358
-1.497742,-1.497742,1.497742,-0.248718,0.435181,0.258789,-183.473358,-183.473358,183.473358
-1.497742,-1.497742,1.497742,-0.248108,0.434570,0.253357,-183.473358,-183.473358,183.473358
-1.497742,-1.497742,1.497742,-0.248840,0.433411,0.243652,-183.473358,-183.473358,183.473358
-1.497742,-1.497742,1.497742,-0.245911,0.434937,0.255676,-183.473358,-183.473358,183.473358
-1.497742,-1.497742,1.497742,-0.249207,0.432861,0.257751,-183.473358,-183.473358,183.473358
-1.497742,-1.497742,1.497742,-0.247925,0.432068,0.255798,-183.473358,-183.473358,183.473358
-1.497742,-1.497742,1.497742,-0.249390,0.437866,0.256531,-183.473358,-183.473358,183.473358
-1.497742,-1.497742,1.497742,-0.250061,0.434448,0.276794,-183.473358,-183.473358,183.473358
-1.497742,-1.497742,1.497742,-0.248901,0.434570,0.253906,-183.473358,-183.473358,183.473358
-1.497742,-1.497742,1.497742,-0.250122,0.435791,0.255127,-183.473358,-183.473358,183.473358
-1.497742,-1.497742,1.497742,-0.249329,0.434998,0.254272,-183.473358,-183.473358,183.473358
-1.497742,-1.497742,1.497742,-0.248230,0.432800,0.254333,-183.473358,-183.473358,183.473358
-1.497742,-1.497742,1.497742,-0.247375,0.434143,0.244080,-183.473358,-183.473358,183.473358
-1.497742,-1.497742,1.497742,-0.249817,0.434631,0.255737,-183.473358,-183.473358,183.473358
-1.497742,-1.497742,1.497742,-0.248474,0.429504,0.254333,-183.473358,-183.473358,183.473358
-1.497742,-1.497742,1.497742,-0.249023,0.434082,0.254822,-183.473358,-183.473358,183.473358
-1.497742,-1.497742,1.497742,-0.249329,0.432983,0.253418,-183.473358,-183.473358,183.473358
-1.497742,-1.497742,1.497742,-0.248718,0.436096,0.223511,-183.473358,-183.473358,183.473358
-1.497742,-1.497742,1.497742,-0.249573,0.435669,0.255249,-183.473358,-183.473358,183.473358
-1.497742,-1.497742,1.497742,-0.250427,0.434265,0.252869,-183.473358,-183.473358,183.473358
-1.497742,-1.497742,1.497742,-0.247742,0.434082,0.255615,-183.473358,-183.473358,183.473358
-1.497742,-1.497742,1.497742,-0.248779,0.433044,0.254395,-183.473358,-183.473358,183.473358
-1.497742,-1.497742,1.497742,-0.251221,0.437012,0.250061,-183.473358,-183.473358,183.473358
-1.497742,-1.497742,1.497742,-0.249451,0.432190,0.250916,-183.473358,-183.473358,183.473358
-1.497742,-1.497742,1.497742,-0.249207,0.435608,0.253967,-183.473358,-183.473358,183.473358
-1.497742,-1.497742,1.497742,-0.246826,0.437012,0.253662,-183.473358,-183.473358,183.473358
-1.497742,-1.497742,1.497742,-0.248352,0.434326,0.254578,-183.473358,-183.473358,183.473358
-1.497742,-1.497742,1.497742,-0.250122,0.432861,0.297119,-183.473358,-183.473358,183.473358
-1.497742,-1.497742,1.497742,-0.247925,0.434875,0.253967,-183.473358,-183.473358,183.473358
-1.497742,-1.497742,1.497742,-0.248291,0.435242,0.258362,-183.473358,-183.473358,183.473358
-1.497742,-1.497742,1.497742,-0.249573,0.436401,0.256592,-183.473358,-183.473358,183.473358
-1.497742,-1.497742,1.497742,-0.248169,0.435608,0.256653,-183.473358,-183.473358,183.473358
-1.497742,-1.497742,1.497742,-0.248657,0.433777,0.238953,-183.473358,-183.473358,183.473358
-1.497742,-1.497742,1.497742,-0.250671,0.434875,0.255188,-183.473358,-183.473358,183.473358
