-1.497742,-1.497742,1.497742,-1.573975,4.649780,0.653687,-183.473358,-183.473358,183.473358
-1.497742,-1.497742,1.497742,-1.563721,4.654541,0.643066,-183.473358,-183.473358,183.473358
-1.497742,-1.497742,1.497742,-1.568115,4.651245,0.639404,-183.473358,-183.473358,183.473358
-1.497742,-1.497742,1.497742,-1.566284,4.645020,0.643433,-183.473358,-183.473358,183.473358
-1.497742,-1.497742,1.497742,-1.561890,4.635498,0.830200,-183.473358,-183.473358,183.473358
-1.497742,-1.497742,1.497742,-1.564087,4.640991,0.622925,-183.473358,-183.473358,183.473358
-1.497742,-1.497742,1.497742,-1.562988,4.663696,0.645996,-183.473358,-183.473358,183.473358
-1.497742,-1.497742,1.497742,-1.560059,4.651245,0.643066,-183.473358,-183.473358,183.473358
-1.497742,-1.497742,1.497742,-1.564453,4.637695,0.639038,-183.473358,-183.473358,183.473358
-1.497742,-1.497742,1.497742,-1.561157,4.656372,0.646729,-183.473358,-183.473358,183.473358
-1.497742,-1.497742,1.497742,-1.553101,4.631836,0.633911,-183.473358,-183.473358,183.473358
-1.497742,-1.497742,1.497742,-1.564087,4.653076,0.648926,-183.473358,-183.473358,183.473358
-1.497742,-1.497742,1.497742,-1.556030,4.667358,0.647461,-183.473358,-183.473358,183.473358
-1.497742,-1.497742,1.497742,-1.562256,4.643555,0.656250,-183.473358,-183.473358,183.473358
-1.497742,-1.497742,1.497742,-1.560425,4.657837,0.618164,-183.473358,-183.473358,183.473358
-1.497742,-1.497742,1.497742,-1.567749,4.651611,0.670898,-183.473358,-183.473358,183.473358
-1.497742,-1.497742,1.497742,-1.568481,4.663696,0.642700,-183.473358,-183.473358,183.473358
-1.497742,-1.497742,1.497742,-1.574341,4.647583,0.628418,-183.473358,-183.473358,183.473358
-1.497742,-1.497742,1.497742,-1.554932,4.649048,0.632080,-183.473358,-183.473358,183.473358
-1.497742,-1.497742,1.497742,-1.553101,4.660034,0.589233,-183.473358,-183.473358,183.473358
-1.497742,-1.497742,1.497742,-1.554565,4.658569,0.649658,-183.473358,-183.473358,183.473358
-1.497742,-1.497742,1.497742,-1.556396,4.649414,0.656982,-183.473358,-183.473358,183.473358
-1.497742,-1.497742,1.497742,-1.567749,4.641724,0.654419,-183.473358,-183.473358,183.473358
-1.497742,-1.497742,1.497742,-1.574341,4.632568,0.649658,-183.473358,-183.473358,183.473358
-1.497742,-1.497742,1.497742,-1.562256,4.654175,0.673462,-183.473358,-183.473358,183.473358
-1.497742,-1.497742,1.497742,-1.568115,4.643921,0.632812,-183.473358,-183.473358,183.473358
-1.497742,-1.497742,1.497742,-1.564087,4.659668,0.650024,-183.473358,-183.473358,183.473358
-1.497742,-1.497742,1.497742,-1.564819,4.654907,0.645630,-183.473358,-183.473358,183.473358
-1.497742,-1.497742,1.497742,-1.575806,4.644653,0.658813,-183.473358,-183.473358,183.473358
-1.497742,-1.497742,1.497742,-1.571411,4.638428,0.470581,-183.473358,-183.473358,183.473358
-1.497742,-1.497742,1.497742,-1.566284,4.640991,0.650757,-183.473358,-183.473358,183.473358
-1.497742,-1.497742,1.497742,-1.579834,4.650879,0.655884,-183.473358,-183.473358,183.473358
-1.497742,-1.497742,1.497742,-1.573975,4.636597,0.649292,-183.473358,-183.473358,183.473358
-1.497742,-1.497742,1.497742,-1.578003,4.656372,0.652222,-183.473358,-183.473358,183.473358
-1.497742,-1.497742,1.497742,-1.566284,4.656006,0.660278,-183.473358,-183.473358,183.473358
-1.497742,-1.497742,1.497742,-1.571045,4.656738,0.642700,-183.473358,-183.473358,183.473358
-1.497742,-1.497742,1.497742,-1.563354,4.642456,0.632812,-183.473358,-183.473358,183.473358
-1.497742,-1.497742,1.497742,-1.561890,4.656372,0.630249,-183.473358,-183.473358,183.473358
-1.497742,-1.497742,1.497742,-1.569214,4.647949,0.640503,-183.473358,-183.473358,183.473358
-1.497742,-1.497742,1.497742,-1.556396,4.671387,0.710815,-183.473358,-183.473358,183.473358
-1.497742,-1.497742,1.497742,-1.569946,4.643188,0.649658,-183.473358,-183.473358,183.473358
-1.497742,-1.497742,1.497742,-1.579102,4.684204,0.996094,-183.473358,-183.473358,183.473358
-1.497742,-1.497742,1.497742,-1.582764,4.658936,0.645996,-183.473358,-183.473358,183.473358
-1.497742,-1.497742,1.497742,-1.578369,4.650513,0.627319,-183.473358,-183.473358,183.473358
-1.497742,-1.497742,1.497742,-1.561890,4.654175,0.595825,-183.473358,-183.473358,183.473358
-1.497742,-1.497742,1.497742,-1.561890,4.656372,0.647095,-183.473358,-183.473358,183.473358
-1.497742,-1.497742,1.497742,-1.557861,4.653809,0.534302,-183.473358,-183.473358,183.473358
-1.497742,-1.497742,1.497742,-1.569214,4.657104,0.643433,-183.473358,-183.473358,183.473358
-1.497742,-1.497742,1.497742,-1.567017,4.647949,0.646729,-183.473358,-183.473358,183.473358
-1.497742,-1.497742,1.497742,-1.571045,4.653809,0.691406,-183.473358,-183.473358,183.473358
-1.497742,-1.497742,1.497742,-1.574341,4.653809,0.633545,-183.473358,-183.473358,183.473358
-1.497742,-1.497742,1.497742,-1.576538,4.659668,0.633179,-183.473358,-183.473358,183.473358
-1.497742,-1.497742,1.497742,-1.565918,4.656372,0.652588,-183.473358,-183.473358,183.473358
-1.497742,-1.497742,1.497742,-1.582397,4.634033,0.643066,-183.473358,-183.473358,183.473358
-1.497742,-1.497742,1.497742,-1.580566,4.661133,0.642334,-183.473358,-183.473358,183.473358
-1.497742,-1.497742,1.497742,-1.571411,4.645752,0.631714,-183.473358,-183.473358,183.473358
-1.497742,-1.497742,1.497742,-1.572510,4.657837,0.590698,-183.473358,-183.473358,183.473358
-1.497742,-1.497742,1.497742,-1.562256,4.646118,0.663940,-183.473358,-183.473358,183.473358
-1.497742,-1.497742,1.497742,-1.583862,4.661133,0.647827,-183.473358,-183.473358,183.473358
-1.497742,-1.497742,1.497742,-1.588989,4.670654,0.653687,-183.473358,-183.473358,183.473358
-1.497742,-1.497742,1.497742,-1.569946,4.657837,0.630249,-183.473358,-183.473358,183.473358
-1.497742,-1.497742,1.497742,-1.579468,4.651245,0.774170,-183.473358,-183.473358,183.473358
-1.497742,-1.497742,1.497742,-1.572876,4.647217,0.643799,-183.473358,-183.473358,183.473358
-1.497742,-1.497742,1.497742,-1.573242,4.657104,0.637573,-183.473358,-183.473358,183.473358
-1.497742,-1.497742,1.497742,-1.556030,4.653809,0.639038,-183.473358,-183.473358,183.473358
-1.497742,-1.497742,1.497742,-1.564087,4.669189,0.656982,-183.473358,-183.473358,183.473358
-1.497742,-1.497742,1.497742,-1.562256,4.650513,0.641968,-183.473358,-183.473358,183.473358
-1.497742,-1.497742,1.497742,-1.575073,4.651245,0.641602,-183.473358,-183.473358,183.473358
-1.497742,-1.497742,1.497742,-1.570312,4.656006,0.657349,-183.473358,-183.473358,183.473358
-1.497742,-1.497742,1.497742,-1.563354,4.661499,0.649658,-183.473358,-183.473358,183.473358
-1.497742,-1.497742,1.497742,-1.573608,4.664062,0.661743,-183.473358,-183.473358,183.473358
-1.497742,-1.497742,1.497742,-1.578369,4.650513,1.015869,-183.473358,-183.473358,183.473358
-1.497742,-1.497742,1.497742,-1.572510,4.663696,0.646362,-183.473358,-183.473358,183.473358
-1.497742,-1.497742,1.497742,-1.571045,4.669922,0.618530,-183.473358,-183.473358,183.473358
-1.497742,-1.497742,1.497742,-1.577271,4.682373,0.660278,-183.473358,-183.473358,183.473358
-1.497742,-1.497742,1.497742,-1.573242,4.655640,0.638672,-183.473358,-183.473358,183.473358
-1.497742,-1.497742,1.497742,-1.565186,4.646851,0.648926,-183.473358,-183.473358,183.473358
-1.497742,-1.497742,1.497742,-1.578735,4.665894,0.642700,-183.473358,-183.473358,183.473358
-1.497742,-1.497742,1.497742,-1.579834,4.665161,0.649292,-183.473358,-183.473358,183.473358
-1.497742,-1.497742,1.497742,-1.582031,4.687134,0.651123,-183.473358,-183.473358,183.473358
-1.497742,-1.497742,1.497742,-1.595215,4.668091,0.649292,-183.473358,-183.473358,183.473358
-1.497742,-1.497742,1.497742,-1.592651,4.680542,0.445312,-183.473358,-183.473358,183.473358
-1.497742,-1.497742,1.497742,-1.587891,4.669189,0.646729,-183.473358,-183.473358,183.473358
-1.497742,-1.497742,1.497742,-1.593384,4.662598,0.674194,-183.473358,-183.473358,183.473358
-1.497742,-1.497742,1.497742,-1.596313,4.662231,0.676758,-183.473358,-183.473358,183.473358
-1.497742,-1.497742,1.497742,-1.594116,4.668091,0.662842,-183.473358,-183.473358,183.473358
-1.497742,-1.497742,1.497742,-1.577637,4.653076,0.658447,-183.473358,-183.473358,183.473358
-1.497742,-1.497742,1.497742,-1.589355,4.686035,0.641968,-183.473358,-183.473358,183.473358
-1.497742,-1.497742,1.497742,-1.605469,4.663696,0.651489,-183.473358,-183.473358,183.473358
-1.497742,-1.497742,1.497742,-1.595947,4.674316,0.661377,-183.473358,-183.473358,183.473358
-1.497742,-1.497742,1.497742,-1.580933,4.677612,0.633179,-183.473358,-183.473358,183.473358
-1.497742,-1.497742,1.497742,-1.595947,4.664062,0.537231,-183.473358,-183.473358,183.473358
-1.497742,-1.497742,1.497742,-1.599243,4.675049,0.650024,-183.473358,-183.473358,183.473358
-1.497742,-1.497742,1.497742,-1.582764,4.677246,0.647461,-183.473358,-183.473358,183.473358
-1.497742,-1.497742,1.497742,-1.583862,4.679077,0.630615,-183.473358,-183.473358,183.473358
