-1.497742,-1.497742,1.497742,0.096680,3.544922,1.821167,-183.473358,-183.473358,183.473358
-1.497742,-1.497742,1.497742,0.140259,3.558472,1.820801,-183.473358,-183.473358,183.473358
-1.497742,-1.497742,1.497742,0.134766,3.575317,1.818237,-183.473358,-183.473358,183.473358
-1.497742,-1.497742,1.497742,0.118286,3.554443,1.805786,-183.473358,-183.473358,183.473358
-1.497742,-1.497742,1.497742,0.151245,3.560669,1.821899,-183.473358,-183.473358,183.473358
-1.497742,-1.497742,1.497742,0.167725,3.569458,1.784546,-183.473358,-183.473358,183.473358
-1.497742,-1.497742,1.497742,0.167725,3.558838,1.801392,-183.473358,-183.473358,183.473358
-1.497742,-1.497742,1.497742,0.168457,3.566528,1.687134,-183.473358,-183.473358,183.473358
-1.497742,-1.497742,1.497742,0.153809,3.582275,1.796631,-183.473358,-183.473358,183.473358
-1.497742,-1.497742,1.497742,0.101440,3.615601,1.810181,-183.473358,-183.473358,183.473358
-1.497742,-1.497742,1.497742,-0.035156,3.642334,1.844971,-183.473358,-183.473358,183.473358
-1.497742,-1.497742,1.497742,-0.262207,3.668701,1.883423,-183.473358,-183.473358,183.473358
-1.497742,-1.497742,1.497742,-0.531372,3.707886,1.639160,-183.473358,-183.473358,183.473358
-1.497742,-1.497742,1.497742,-0.855103,3.699829,1.849365,-183.473358,-183.473358,183.473358
-1.497742,-1.497742,1.497742,-1.187256,3.819946,1.710205,-183.473358,-183.473358,183.473358
-1.497742,-1.497742,1.497742,-1.494507,3.977417,1.451294,-183.473358,-183.473358,183.473358
-1.497742,-1.497742,1.497742,-1.708740,4.116577,1.193481,-183.473358,-183.473358,183.473358
-1.497742,-1.497742,1.497742,-1.887451,4.270386,0.583374,-183.473358,-183.473358,183.473358
-1.497742,-1.497742,1.497742,-1.930664,4.408081,0.329590,-183.473358,-183.473358,183.473358
-1.497742,-1.497742,1.497742,-1.824463,4.576172,-0.066284,-183.473358,-183.473358,183.473358
-1.497742,-1.497742,1.497742,-1.559326,4.757080,-0.338745,-183.473358,-183.473358,183.473358
-1.497742,-1.497742,1.497742,-1.326416,4.842041,-0.477905,-183.473358,-183.473358,183.473358
-1.497742,-1.497742,1.497742,-1.070801,4.831421,-0.831665,-183.473358,-183.473358,183.473358
-1.497742,-1.497742,1.497742,-0.862793,4.798828,-0.903442,-183.473358,-183.473358,183.473358
-1.497742,-1.497742,1.497742,-0.702026,4.755249,-1.016235,-183.473358,-183.473358,183.473358
-1.497742,-1.497742,1.497742,-0.561035,4.643921,-1.153198,-183.473358,-183.473358,183.473358
-1.497742,-1.497742,1.497742,-0.454834,4.581665,-1.226807,-183.473358,-183.473358,183.473358
-1.497742,-1.497742,1.497742,-0.347900,4.471069,-1.256104,-183.473358,-183.473358,183.473358
-1.497742,-1.497742,1.497742,-0.304688,4.404785,-1.390503,-183.473358,-183.473358,183.473358
-1.497742,-1.497742,1.497742,-0.230347,4.324585,-1.425293,-183.473358,-183.473358,183.473358
-1.497742,-1.497742,1.497742,-0.228516,4.256836,-1.443237,-183.473358,-183.473358,183.473358
-1.497742,-1.497742,1.497742,-0.270996,4.240356,-1.478027,-183.473358,-183.473358,183.473358
-1.497742,-1.497742,1.497742,-0.286011,4.214355,-1.508423,-183.473358,-183.473358,183.473358
-1.497742,-1.497742,1.497742,-0.294800,4.209961,-1.500366,-183.473358,-183.473358,183.473358
-1.497742,-1.497742,1.497742,-0.307983,4.214355,-1.505859,-183.473358,-183.473358,183.473358
-1.497742,-1.497742,1.497742,-0.322632,4.206665,-1.497437,-183.473358,-183.473358,183.473358
-1.497742,-1.497742,1.497742,-0.348267,4.216919,-1.512817,-183.473358,-183.473358,183.473358
-1.497742,-1.497742,1.497742,-0.339111,4.216187,-1.579102,-183.473358,-183.473358,183.473358
-1.497742,-1.497742,1.497742,-0.349365,4.215454,-1.509888,-183.473358,-183.473358,183.473358
-1.497742,-1.497742,1.497742,-0.348999,4.209229,-1.499634,-183.473358,-183.473358,183.473358
-1.497742,-1.497742,1.497742,-0.333984,4.255737,-1.495239,-183.473358,-183.473358,183.473358
-1.497742,-1.497742,1.497742,-0.336914,4.278442,-1.482056,-183.473358,-183.473358,183.473358
-1.497742,-1.497742,1.497742,-0.350098,4.293823,-1.359009,-183.473358,-183.473358,183.473358
-1.497742,-1.497742,1.497742,-0.380127,4.311401,-1.435181,-183.473358,-183.473358,183.473358
-1.497742,-1.497742,1.497742,-0.479736,4.333374,-1.445801,-183.473358,-183.473358,183.473358
-1.497742,-1.497742,1.497742,-0.638306,4.397827,-1.356812,-183.473358,-183.473358,183.473358
-1.497742,-1.497742,1.497742,-0.778564,4.427856,-1.291260,-183.473358,-183.473358,183.473358
-1.497742,-1.497742,1.497742,-0.966431,4.537354,-1.150635,-183.473358,-183.473358,183.473358
-1.497742,-1.497742,1.497742,-1.170410,4.630371,-0.992798,-183.473358,-183.473358,183.473358
-1.497742,-1.497742,1.497742,-1.352417,4.672852,-0.613770,-183.473358,-183.473358,183.473358
-1.497742,-1.497742,1.497742,-1.642822,4.658569,-0.355957,-183.473358,-183.473358,183.473358
-1.497742,-1.497742,1.497742,-1.745728,4.655273,-0.006226,-183.473358,-183.473358,183.473358
-1.497742,-1.497742,1.497742,-1.805786,4.548706,0.537964,-183.473358,-183.473358,183.473358
-1.497742,-1.497742,1.497742,-1.792603,4.410278,0.751099,-183.473358,-183.473358,183.473358
-1.497742,-1.497742,1.497742,-1.695190,4.307373,1.082886,-183.473358,-183.473358,183.473358
-1.497742,-1.497742,1.497742,-1.422363,4.158325,1.414673,-183.473358,-183.473358,183.473358
-1.497742,-1.497742,1.497742,-1.267090,4.045898,1.553833,-183.473358,-183.473358,183.473358
-1.497742,-1.497742,1.497742,-0.986572,3.947388,1.763672,-183.473358,-183.473358,183.473358
-1.497742,-1.497742,1.497742,-0.782959,3.818848,1.809082,-183.473358,-183.473358,183.473358
-1.497742,-1.497742,1.497742,-0.628418,3.741211,1.858521,-183.473358,-183.473358,183.473358
-1.497742,-1.497742,1.497742,-0.463623,3.639038,1.888550,-183.473358,-183.473358,183.473358
-1.497742,-1.497742,1.497742,-0.335449,3.568726,1.890381,-183.473358,-183.473358,183.473358
-1.497742,-1.497742,1.497742,-0.201782,3.511963,1.922241,-183.473358,-183.473358,183.473358
-1.497742,-1.497742,1.497742,-0.116821,3.470581,1.893311,-183.473358,-183.473358,183.473358
-1.497742,-1.497742,1.497742,-0.009155,3.468384,1.718628,-183.473358,-183.473358,183.473358
-1.497742,-1.497742,1.497742,0.062988,3.450439,1.827393,-183.473358,-183.473358,183.473358
-1.497742,-1.497742,1.497742,0.116455,3.459229,1.839111,-183.473358,-183.473358,183.473358
-1.497742,-1.497742,1.497742,0.178345,3.511230,1.781616,-183.473358,-183.473358,183.473358
-1.497742,-1.497742,1.497742,0.216064,3.503906,1.795898,-183.473358,-183.473358,183.473358
-1.497742,-1.497742,1.497742,0.215332,3.526245,1.722290,-183.473358,-183.473358,183.473358
-1.497742,-1.497742,1.497742,0.247192,3.524780,1.788208,-183.473358,-183.473358,183.473358
-1.497742,-1.497742,1.497742,0.225220,3.533569,1.773926,-183.473358,-183.473358,183.473358
-1.497742,-1.497742,1.497742,0.229248,3.563232,1.770996,-183.473358,-183.473358,183.473358
-1.497742,-1.497742,1.497742,0.245361,3.553711,1.768066,-183.473358,-183.473358,183.473358
-1.497742,-1.497742,1.497742,0.226685,3.585938,1.664429,-183.473358,-183.473358,183.473358
-1.497742,-1.497742,1.497742,0.210571,3.592529,1.787476,-183.473358,-183.473358,183.473358
-1.497742,-1.497742,1.497742,0.174683,3.641235,1.774292,-183.473358,-183.473358,183.473358
-1.497742,-1.497742,1.497742,0.102905,3.678955,1.802490,-183.473358,-183.473358,183.473358
-1.497742,-1.497742,1.497742,0.026367,3.750732,1.811279,-183.473358,-183.473358,183.473358
-1.497742,-1.497742,1.497742,-0.088257,3.806763,1.656738,-183.473358,-183.473358,183.473358
-1.497742,-1.497742,1.497742,-0.303589,3.851807,1.830322,-183.473358,-183.473358,183.473358
-1.497742,-1.497742,1.497742,-0.477905,3.915894,1.820068,-183.473358,-183.473358,183.473358
-1.497742,-1.497742,1.497742,-0.748901,4.007812,1.761475,-183.473358,-183.473358,183.473358
-1.497742,-1.497742,1.497742,-0.982178,4.073364,1.650879,-183.473358,-183.473358,183.473358
-1.497742,-1.497742,1.497742,-1.279907,4.176636,1.660034,-183.473358,-183.473358,183.473358
-1.497742,-1.497742,1.497742,-1.522705,4.225708,1.277344,-183.473358,-183.473358,183.473358
-1.497742,-1.497742,1.497742,-1.698853,4.285034,1.048462,-183.473358,-183.473358,183.473358
-1.497742,-1.497742,1.497742,-1.863281,4.350220,0.722168,-183.473358,-183.473358,183.473358
-1.497742,-1.497742,1.497742,-1.931030,4.390137,0.406860,-183.473358,-183.473358,183.473358
-1.497742,-1.497742,1.497742,-1.937256,4.442505,0.131836,-183.473358,-183.473358,183.473358
-1.497742,-1.497742,1.497742,-1.851196,4.483887,-0.270264,-183.473358,-183.473358,183.473358
-1.497742,-1.497742,1.497742,-1.712036,4.536987,-0.507202,-183.473358,-183.473358,183.473358
-1.497742,-1.497742,1.497742,-1.532593,4.565552,-0.711182,-183.473358,-183.473358,183.473358
-1.497742,-1.497742,1.497742,-1.377686,4.586426,-0.887329,-183.473358,-183.473358,183.473358
-1.497742,-1.497742,1.497742,-1.211792,4.562988,-1.046631,-183.473358,-183.473358,183.473358
-1.497742,-1.497742,1.497742,-1.063843,4.521240,-1.138916,-183.473358,-183.473358,183.473358
-1.497742,-1.497742,1.497742,-0.948486,4.473633,-1.224976,-183.473358,-183.473358,183.473358
-1.497742,-1.497742,1.497742,-0.784424,4.421997,-1.310303,-183.473358,-183.473358,183.473358
-1.497742,-1.497742,1.497742,-0.668335,4.371826,-1.346924,-183.473358,-183.473358,183.473358
-1.497742,-1.497742,1.497742,-0.481567,4.296753,-1.350220,-183.473358,-183.473358,183.473358
-1.497742,-1.497742,1.497742,-0.462891,4.283569,-1.417969,-183.473358,-183.473358,183.473358
-1.497742,-1.497742,1.497742,-0.390015,4.254272,-1.462280,-183.473358,-183.473358,183.473358
-1.497742,-1.497742,1.497742,-0.382690,4.248413,-1.446533,-183.473358,-183.473358,183.473358
-1.497742,-1.497742,1.497742,-0.398438,4.247681,-1.468506,-183.473358,-183.473358,183.473358
-1.497742,-1.497742,1.497742,-0.380493,4.220215,-1.524536,-183.473358,-183.473358,183.473358
-1.497742,-1.497742,1.497742,-0.404663,4.211060,-1.460083,-183.473358,-183.473358,183.473358
-1.497742,-1.497742,1.497742,-0.391113,4.207764,-1.478027,-183.473358,-183.473358,183.473358
-1.497742,-1.497742,1.497742,-0.391846,4.215820,-1.465210,-183.473358,-183.473358,183.473358
-1.497742,-1.497742,1.497742,-0.399170,4.208862,-1.482788,-183.473358,-183.473358,183.473358
-1.497742,-1.497742,1.497742,-0.412354,4.204468,-1.724487,-183.473358,-183.473358,183.473358
-1.497742,-1.497742,1.497742,-0.432129,4.222046,-1.458252,-183.473358,-183.473358,183.473358
-1.497742,-1.497742,1.497742,-0.536499,4.234497,-1.466309,-183.473358,-183.473358,183.473358
-1.497742,-1.497742,1.497742,-0.740479,4.248047,-1.409180,-183.473358,-183.473358,183.473358
-1.497742,-1.497742,1.497742,-0.930908,4.276245,-1.322754,-183.473358,-183.473358,183.473358
-1.497742,-1.497742,1.497742,-1.148804,4.324585,-1.296387,-183.473358,-183.473358,183.473358
-1.497742,-1.497742,1.497742,-1.347656,4.367798,-1.065674,-183.473358,-183.473358,183.473358
-1.497742,-1.497742,1.497742,-1.557861,4.404785,-0.843384,-183.473358,-183.473358,183.473358
-1.497742,-1.497742,1.497742,-1.762939,4.457520,-0.453369,-183.473358,-183.473358,183.473358
-1.497742,-1.497742,1.497742,-1.851929,4.469238,-0.137695,-183.473358,-183.473358,183.473358
-1.497742,-1.497742,1.497742,-1.873535,4.482056,0.190430,-183.473358,-183.473358,183.473358
-1.497742,-1.497742,1.497742,-1.803589,4.484619,0.564697,-183.473358,-183.473358,183.473358
-1.497742,-1.497742,1.497742,-1.701050,4.433716,0.849976,-183.473358,-183.473358,183.473358
-1.497742,-1.497742,1.497742,-1.545776,4.284302,1.175171,-183.473358,-183.473358,183.473358
-1.497742,-1.497742,1.497742,-1.440308,4.115845,1.394531,-183.473358,-183.473358,183.473358
-1.497742,-1.497742,1.497742,-1.103760,3.991333,2.003540,-183.473358,-183.473358,183.473358
-1.497742,-1.497742,1.497742,-0.786987,3.857666,1.796265,-183.473358,-183.473358,183.473358
-1.497742,-1.497742,1.497742,-0.424805,3.723267,1.868774,-183.473358,-183.473358,183.473358
-1.497742,-1.497742,1.497742,-0.212402,3.626221,1.860718,-183.473358,-183.473358,183.473358
-1.497742,-1.497742,1.497742,-0.115356,3.566895,1.861816,-183.473358,-183.473358,183.473358
-1.497742,-1.497742,1.497742,0.023804,3.524048,1.912354,-183.473358,-183.473358,183.473358
-1.497742,-1.497742,1.497742,0.051270,3.470581,1.841675,-183.473358,-183.473358,183.473358
-1.497742,-1.497742,1.497742,0.069580,3.429565,1.829224,-183.473358,-183.473358,183.473358
-1.497742,-1.497742,1.497742,0.086060,3.453369,1.834351,-183.473358,-183.473358,183.473358
-1.497742,-1.497742,1.497742,0.090820,3.459961,1.832153,-183.473358,-183.473358,183.473358
-1.497742,-1.497742,1.497742,0.119751,3.469116,1.783081,-183.473358,-183.473358,183.473358
-1.497742,-1.497742,1.497742,0.135132,3.464355,1.813477,-183.473358,-183.473358,183.473358
-1.497742,-1.497742,1.497742,0.143921,3.475342,1.791870,-183.473358,-183.473358,183.473358
-1.497742,-1.497742,1.497742,0.150146,3.483765,1.790771,-183.473358,-183.473358,183.473358
-1.497742,-1.497742,1.497742,0.157104,3.475342,1.789307,-183.473358,-183.473358,183.473358
-1.497742,-1.497742,1.497742,0.167358,3.507202,1.762573,-183.473358,-183.473358,183.473358
-1.497742,-1.497742,1.497742,0.175415,3.516724,1.788574,-183.473358,-183.473358,183.473358
-1.497742,-1.497742,1.497742,0.156006,3.511230,1.775024,-183.473358,-183.473358,183.473358
-1.497742,-1.497742,1.497742,0.161133,3.508301,1.795166,-183.473358,-183.473358,183.473358
-1.497742,-1.497742,1.497742,0.160400,3.528442,1.801392,-183.473358,-183.473358,183.473358
-1.497742,-1.497742,1.497742,0.122314,3.553711,1.925903,-183.473358,-183.473358,183.473358
-1.497742,-1.497742,1.497742,0.090820,3.530640,1.810913,-183.473358,-183.473358,183.473358
-1.497742,-1.497742,1.497742,0.012451,3.571289,2.194702,-183.473358,-183.473358,183.473358
-1.497742,-1.497742,1.497742,-0.130371,3.600586,1.880493,-183.473358,-183.473358,183.473358
-1.497742,-1.497742,1.497742,-0.286377,3.627319,1.874268,-183.473358,-183.473358,183.473358
-1.497742,-1.497742,1.497742,-0.518555,3.697632,1.938354,-183.473358,-183.473358,183.473358
-1.497742,-1.497742,1.497742,-0.817749,3.738281,1.836548,-183.473358,-183.473358,183.473358
-1.497742,-1.497742,1.497742,-1.072632,3.841919,1.668823,-183.473358,-183.473358,183.473358
-1.497742,-1.497742,1.497742,-1.308838,3.982910,1.556763,-183.473358,-183.473358,183.473358
-1.497742,-1.497742,1.497742,-1.479858,4.097168,1.413208,-183.473358,-183.473358,183.473358
-1.497742,-1.497742,1.497742,-1.631104,4.201172,1.197510,-183.473358,-183.473358,183.473358
-1.497742,-1.497742,1.497742,-1.739136,4.288330,0.990234,-183.473358,-183.473358,183.473358
-1.497742,-1.497742,1.497742,-1.836548,4.361938,0.509399,-183.473358,-183.473358,183.473358
-1.497742,-1.497742,1.497742,-1.896606,4.458984,0.308350,-183.473358,-183.473358,183.473358
-1.497742,-1.497742,1.497742,-1.875366,4.496338,0.001099,-183.473358,-183.473358,183.473358
-1.497742,-1.497742,1.497742,-1.769897,4.516846,-0.355957,-183.473358,-183.473358,183.473358
-1.497742,-1.497742,1.497742,-1.664429,4.504395,-0.596924,-183.473358,-183.473358,183.473358
-1.497742,-1.497742,1.497742,-1.486084,4.507690,-0.951416,-183.473358,-183.473358,183.473358
-1.497742,-1.497742,1.497742,-1.287231,4.483521,-1.022827,-183.473358,-183.473358,183.473358
-1.497742,-1.497742,1.497742,-1.020996,4.456787,-1.190186,-183.473358,-183.473358,183.473358
-1.497742,-1.497742,1.497742,-0.854736,4.392334,-1.316528,-183.473358,-183.473358,183.473358
-1.497742,-1.497742,1.497742,-0.722900,4.348022,-1.347290,-183.473358,-183.473358,183.473358
-1.497742,-1.497742,1.497742,-0.685547,4.295654,-1.261230,-183.473358,-183.473358,183.473358
-1.497742,-1.497742,1.497742,-0.621460,4.248413,-1.433716,-183.473358,-183.473358,183.473358
-1.497742,-1.497742,1.497742,-0.589600,4.200073,-1.441406,-183.473358,-183.473358,183.473358
-1.497742,-1.497742,1.497742,-0.553711,4.201904,-1.423828,-183.473358,-183.473358,183.473358
-1.497742,-1.497742,1.497742,-0.522949,4.156494,-1.448730,-183.473358,-183.473358,183.473358
-1.497742,-1.497742,1.497742,-0.547852,4.157593,-1.498535,-183.473358,-183.473358,183.473358
-1.497742,-1.497742,1.497742,-0.546021,4.156494,-1.471802,-183.473358,-183.473358,183.473358
-1.497742,-1.497742,1.497742,-0.554810,4.153198,-1.461548,-183.473358,-183.473358,183.473358
-1.497742,-1.497742,1.497742,-0.557373,4.167847,-1.454590,-183.473358,-183.473358,183.473358
-1.497742,-1.497742,1.497742,-0.567261,4.165283,-1.449097,-183.473358,-183.473358,183.473358
-1.497742,-1.497742,1.497742,-0.613037,4.198242,-1.359009,-183.473358,-183.473358,183.473358
-1.497742,-1.497742,1.497742,-0.739380,4.222046,-1.405884,-183.473358,-183.473358,183.473358
-1.497742,-1.497742,1.497742,-0.815918,4.264526,-1.352783,-183.473358,-183.473358,183.473358
-1.497742,-1.497742,1.497742,-0.837524,4.311401,-1.338867,-183.473358,-183.473358,183.473358
-1.497742,-1.497742,1.497742,-0.834961,4.379150,-1.298950,-183.473358,-183.473358,183.473358
-1.497742,-1.497742,1.497742,-0.876709,4.440308,-1.334473,-183.473358,-183.473358,183.473358
-1.497742,-1.497742,1.497742,-0.996826,4.504761,-1.141113,-183.473358,-183.473358,183.473358
-1.497742,-1.497742,1.497742,-1.229736,4.547607,-0.988037,-183.473358,-183.473358,183.473358
-1.497742,-1.497742,1.497742,-1.562988,4.583130,-0.639038,-183.473358,-183.473358,183.473358
-1.497742,-1.497742,1.497742,-1.761475,4.549072,-0.286377,-183.473358,-183.473358,183.473358
-1.497742,-1.497742,1.497742,-1.878662,4.439941,0.245728,-183.473358,-183.473358,183.473358
-1.497742,-1.497742,1.497742,-1.865479,4.364502,0.642700,-183.473358,-183.473358,183.473358
-1.497742,-1.497742,1.497742,-1.726318,4.274780,1.051758,-183.473358,-183.473358,183.473358
-1.497742,-1.497742,1.497742,-1.547974,4.131592,1.319458,-183.473358,-183.473358,183.473358
-1.497742,-1.497742,1.497742,-1.313965,4.002319,1.527832,-183.473358,-183.473358,183.473358
-1.497742,-1.497742,1.497742,-1.092773,3.867920,1.680542,-183.473358,-183.473358,183.473358
-1.497742,-1.497742,1.497742,-0.848877,3.762451,1.789673,-183.473358,-183.473358,183.473358
-1.497742,-1.497742,1.497742,-0.684814,3.654419,1.860352,-183.473358,-183.473358,183.473358
-1.497742,-1.497742,1.497742,-0.479736,3.578979,1.880127,-183.473358,-183.473358,183.473358
-1.497742,-1.497742,1.497742,-0.404297,3.553345,1.885620,-183.473358,-183.473358,183.473358
-1.497742,-1.497742,1.497742,-0.192627,3.469849,1.789307,-183.473358,-183.473358,183.473358
-1.497742,-1.497742,1.497742,-0.111694,3.442017,1.872070,-183.473358,-183.473358,183.473358
-1.497742,-1.497742,1.497742,-0.021606,3.431030,1.855957,-183.473358,-183.473358,183.473358
-1.497742,-1.497742,1.497742,0.028198,3.431763,1.847168,-183.473358,-183.473358,183.473358
-1.497742,-1.497742,1.497742,0.062988,3.414551,1.837280,-183.473358,-183.473358,183.473358
-1.497742,-1.497742,1.497742,0.059326,3.413452,1.817505,-183.473358,-183.473358,183.473358
-1.497742,-1.497742,1.497742,0.071411,3.423706,1.822632,-183.473358,-183.473358,183.473358
-1.497742,-1.497742,1.497742,0.071411,3.426270,1.840942,-183.473358,-183.473358,183.473358
-1.497742,-1.497742,1.497742,0.092651,3.422241,1.838745,-183.473358,-183.473358,183.473358
-1.497742,-1.497742,1.497742,0.072876,3.423340,1.831787,-183.473358,-183.473358,183.473358
-1.497742,-1.497742,1.497742,0.073608,3.412354,1.709106,-183.473358,-183.473358,183.473358
-1.497742,-1.497742,1.497742,0.085693,3.438721,1.821167,-183.473358,-183.473358,183.473358
-1.497742,-1.497742,1.497742,0.072876,3.440918,1.824097,-183.473358,-183.473358,183.473358
-1.497742,-1.497742,1.497742,0.084961,3.440186,1.817871,-183.473358,-183.473358,183.473358
-1.497742,-1.497742,1.497742,0.084229,3.457031,1.822632,-183.473358,-183.473358,183.473358
-1.497742,-1.497742,1.497742,0.068115,3.447510,1.767700,-183.473358,-183.473358,183.473358
-1.497742,-1.497742,1.497742,0.080933,3.458130,1.813110,-183.473358,-183.473358,183.473358
-1.497742,-1.497742,1.497742,0.080933,3.462891,1.836914,-183.473358,-183.473358,183.473358
-1.497742,-1.497742,1.497742,0.078003,3.449707,1.800659,-183.473358,-183.473358,183.473358
-1.497742,-1.497742,1.497742,0.081665,3.448242,1.805420,-183.473358,-183.473358,183.473358
-1.497742,-1.497742,1.497742,0.086792,3.461426,1.974609,-183.473358,-183.473358,183.473358
-1.497742,-1.497742,1.497742,0.080200,3.469849,1.811279,-183.473358,-183.473358,183.473358
-1.497742,-1.497742,1.497742,0.091187,3.446045,1.805786,-183.473358,-183.473358,183.473358
-1.497742,-1.497742,1.497742,0.096680,3.465820,1.827026,-183.473358,-183.473358,183.473358
-1.497742,-1.497742,1.497742,0.101074,3.468018,1.807251,-183.473358,-183.473358,183.473358
-1.497742,-1.497742,1.497742,0.099976,3.494751,1.761475,-183.473358,-183.473358,183.473358
-1.497742,-1.497742,1.497742,0.107666,3.490723,1.807983,-183.473358,-183.473358,183.473358
-1.497742,-1.497742,1.497742,0.098145,3.504639,1.807617,-183.473358,-183.473358,183.473358
-1.497742,-1.497742,1.497742,0.098511,3.504639,1.796997,-183.473358,-183.473358,183.473358
-1.497742,-1.497742,1.497742,0.110596,3.511963,1.799561,-183.473358,-183.473358,183.473358
-1.497742,-1.497742,1.497742,0.109497,3.506104,1.650513,-183.473358,-183.473358,183.473358
-1.497742,-1.497742,1.497742,0.112793,3.523682,1.812744,-183.473358,-183.473358,183.473358
-1.497742,-1.497742,1.497742,0.106201,3.520020,1.799194,-183.473358,-183.473358,183.473358
-1.497742,-1.497742,1.497742,0.100708,3.533569,1.809448,-183.473358,-183.473358,183.473358
-1.497742,-1.497742,1.497742,0.104370,3.543091,1.807617,-183.473358,-183.473358,183.473358
-1.497742,-1.497742,1.497742,0.101807,3.535400,1.673218,-183.473358,-183.473358,183.473358
-1.497742,-1.497742,1.497742,0.115356,3.537964,1.780884,-183.473358,-183.473358,183.473358
-1.497742,-1.497742,1.497742,0.112061,3.528442,1.806519,-183.473358,-183.473358,183.473358
-1.497742,-1.497742,1.497742,0.118652,3.553345,1.802490,-183.473358,-183.473358,183.473358
-1.497742,-1.497742,1.497742,0.107666,3.558838,1.796997,-183.473358,-183.473358,183.473358
-1.497742,-1.497742,1.497742,0.117554,3.539062,1.738403,-183.473358,-183.473358,183.473358
