-1.497742,-1.497742,1.497742,0.104370,3.962036,1.755615,-183.473358,-183.473358,183.473358
-1.497742,-1.497742,1.497742,0.114990,3.963867,2.084106,-183.473358,-183.473358,183.473358
-1.497742,-1.497742,1.497742,0.134033,3.975586,1.748657,-183.473358,-183.473358,183.473358
-1.497742,-1.497742,1.497742,0.129639,4.007812,1.733643,-183.473358,-183.473358,183.473358
-1.497742,-1.497742,1.497742,0.118286,4.004517,1.737671,-183.473358,-183.473358,183.473358
-1.497742,-1.497742,1.497742,0.126709,4.027588,1.723022,-183.473358,-183.473358,183.473358
-1.497742,-1.497742,1.497742,0.145752,4.034180,2.004639,-183.473358,-183.473358,183.473358
-1.497742,-1.497742,1.497742,0.132568,4.019165,1.723022,-183.473358,-183.473358,183.473358
-1.497742,-1.497742,1.497742,0.121582,4.004517,1.749756,-183.473358,-183.473358,183.473358
-1.497742,-1.497742,1.497742,0.056396,3.842285,1.810547,-183.473358,-183.473358,183.473358
-1.497742,-1.497742,1.497742,0.002930,3.710449,1.859253,-183.473358,-183.473358,183.473358
-1.497742,-1.497742,1.497742,-0.042114,3.618896,1.867310,-183.473358,-183.473358,183.473358
-1.497742,-1.497742,1.497742,-0.128540,3.458496,1.907227,-183.473358,-183.473358,183.473358
-1.497742,-1.497742,1.497742,-0.263306,3.158203,1.940918,-183.473358,-183.473358,183.473358
-1.497742,-1.497742,1.497742,-0.408691,2.886108,1.912354,-183.473358,-183.473358,183.473358
-1.497742,-1.497742,1.497742,-0.583374,2.527222,1.821899,-183.473358,-183.473358,183.473358
-1.497742,-1.497742,1.497742,-0.780029,2.148926,1.607666,-183.473358,-183.473358,183.473358
-1.497742,-1.497742,1.497742,-0.968994,1.834351,1.393066,-183.473358,-183.473358,183.473358
-1.497742,-1.497742,1.497742,-1.230469,1.410278,0.765015,-183.473358,-183.473358,183.473358
-1.497742,-1.497742,1.497742,-1.411743,1.315063,-0.093384,-183.473358,-183.473358,183.473358
-1.497742,-1.497742,1.497742,-1.401123,1.331543,-0.358154,-183.473358,-183.473358,183.473358
-1.497742,-1.497742,1.497742,-1.324219,1.418701,-0.427368,-183.473358,-183.473358,183.473358
-1.497742,-1.497742,1.497742,-1.244019,1.559692,-1.004150,-183.473358,-183.473358,183.473358
-1.497742,-1.497742,1.497742,-1.099731,1.791504,-1.331909,-183.473358,-183.473358,183.473358
-1.497742,-1.497742,1.497742,-0.952881,1.993286,-1.504761,-183.473358,-183.473358,183.473358
-1.497742,-1.497742,1.497742,-0.855103,2.165771,-1.635498,-183.473358,-183.473358,183.473358
-1.497742,-1.497742,1.497742,-0.735718,2.382568,-1.729980,-183.473358,-183.473358,183.473358
-1.497742,-1.497742,1.497742,-0.600220,2.594604,-1.830688,-183.473358,-183.473358,183.473358
-1.497742,-1.497742,1.497742,-0.533203,2.680298,-1.864380,-183.473358,-183.473358,183.473358
-1.497742,-1.497742,1.497742,-0.454102,2.820557,-1.901001,-183.473358,-183.473358,183.473358
-1.497742,-1.497742,1.497742,-0.440918,2.867432,-1.884521,-183.473358,-183.473358,183.473358
-1.497742,-1.497742,1.497742,-0.394775,2.902954,-2.037598,-183.473358,-183.473358,183.473358
-1.497742,-1.497742,1.497742,-0.406494,2.879517,-1.889648,-183.473358,-183.473358,183.473358
-1.497742,-1.497742,1.497742,-0.391479,2.871094,-1.881226,-183.473358,-183.473358,183.473358
-1.497742,-1.497742,1.497742,-0.398804,2.841064,-1.909424,-183.473358,-183.473358,183.473358
-1.497742,-1.497742,1.497742,-0.397705,2.856445,-1.887817,-183.473358,-183.473358,183.473358
-1.497742,-1.497742,1.497742,-0.395142,2.831909,-1.882690,-183.473358,-183.473358,183.473358
-1.497742,-1.497742,1.497742,-0.422241,2.824951,-1.886353,-183.473358,-183.473358,183.473358
-1.497742,-1.497742,1.497742,-0.424805,2.803345,-1.885254,-183.473358,-183.473358,183.473358
-1.497742,-1.497742,1.497742,-0.434692,2.804810,-1.893677,-183.473358,-183.473358,183.473358
-1.497742,-1.497742,1.497742,-0.450806,2.741089,-1.878662,-183.473358,-183.473358,183.473358
-1.497742,-1.497742,1.497742,-0.512329,2.666748,-1.701416,-183.473358,-183.473358,183.473358
-1.497742,-1.497742,1.497742,-0.560303,2.549927,-1.820068,-183.473358,-183.473358,183.473358
-1.497742,-1.497742,1.497742,-0.619995,2.376709,-1.547974,-183.473358,-183.473358,183.473358
-1.497742,-1.497742,1.497742,-0.692871,2.211914,-1.694092,-183.473358,-183.473358,183.473358
-1.497742,-1.497742,1.497742,-0.816650,1.910889,-1.477661,-183.473358,-183.473358,183.473358
-1.497742,-1.497742,1.497742,-0.970459,1.561157,-1.105591,-183.473358,-183.473358,183.473358
-1.497742,-1.497742,1.497742,-1.090576,1.341431,-0.759521,-183.473358,-183.473358,183.473358
-1.497742,-1.497742,1.497742,-1.165283,1.247314,-0.464355,-183.473358,-183.473358,183.473358
-1.497742,-1.497742,1.497742,-1.214722,1.214722,0.057861,-183.473358,-183.473358,183.473358
-1.497742,-1.497742,1.497742,-1.207764,1.289795,0.477173,-183.473358,-183.473358,183.473358
-1.497742,-1.497742,1.497742,-1.183228,1.458984,0.661377,-183.473358,-183.473358,183.473358
-1.497742,-1.497742,1.497742,-1.137451,1.638062,1.172974,-183.473358,-183.473358,183.473358
-1.497742,-1.497742,1.497742,-1.045898,1.905029,1.459351,-183.473358,-183.473358,183.473358
-1.497742,-1.497742,1.497742,-0.904907,2.310059,1.719360,-183.473358,-183.473358,183.473358
-1.497742,-1.497742,1.497742,-0.792114,2.533813,1.847900,-183.473358,-183.473358,183.473358
-1.497742,-1.497742,1.497742,-0.592529,2.969604,2.004272,-183.473358,-183.473358,183.473358
-1.497742,-1.497742,1.497742,-0.431763,3.339844,1.948975,-183.473358,-183.473358,183.473358
-1.497742,-1.497742,1.497742,-0.291138,3.662476,2.014526,-183.473358,-183.473358,183.473358
-1.497742,-1.497742,1.497742,-0.114990,3.994995,1.810913,-183.473358,-183.473358,183.473358
-1.497742,-1.497742,1.497742,-0.046875,4.125732,1.737671,-183.473358,-183.473358,183.473358
-1.497742,-1.497742,1.497742,0.002563,4.213989,1.866943,-183.473358,-183.473358,183.473358
-1.497742,-1.497742,1.497742,0.070312,4.273682,1.636230,-183.473358,-183.473358,183.473358
-1.497742,-1.497742,1.497742,0.078735,4.284302,1.502930,-183.473358,-183.473358,183.473358
-1.497742,-1.497742,1.497742,0.069580,4.268921,1.655273,-183.473358,-183.473358,183.473358
-1.497742,-1.497742,1.497742,0.071411,4.255005,1.652344,-183.473358,-183.473358,183.473358
-1.497742,-1.497742,1.497742,0.055664,4.251343,1.655640,-183.473358,-183.473358,183.473358
-1.497742,-1.497742,1.497742,0.066650,4.250244,1.657104,-183.473358,-183.473358,183.473358
-1.497742,-1.497742,1.497742,0.058594,4.225342,1.632202,-183.473358,-183.473358,183.473358
-1.497742,-1.497742,1.497742,-0.037354,4.094604,1.747925,-183.473358,-183.473358,183.473358
-1.497742,-1.497742,1.497742,-0.142822,3.880371,1.862915,-183.473358,-183.473358,183.473358
-1.497742,-1.497742,1.497742,-0.453369,3.275024,1.950806,-183.473358,-183.473358,183.473358
-1.497742,-1.497742,1.497742,-0.537598,3.069214,1.942383,-183.473358,-183.473358,183.473358
-1.497742,-1.497742,1.497742,-0.644897,2.769653,1.778687,-183.473358,-183.473358,183.473358
-1.497742,-1.497742,1.497742,-0.854736,2.381470,1.755615,-183.473358,-183.473358,183.473358
-1.497742,-1.497742,1.497742,-1.023193,1.936157,1.475098,-183.473358,-183.473358,183.473358
-1.497742,-1.497742,1.497742,-1.250610,1.404785,0.767944,-183.473358,-183.473358,183.473358
-1.497742,-1.497742,1.497742,-1.317261,1.298584,-0.345703,-183.473358,-183.473358,183.473358
-1.497742,-1.497742,1.497742,-1.249146,1.438110,-0.756958,-183.473358,-183.473358,183.473358
-1.497742,-1.497742,1.497742,-1.120972,1.509155,-0.999756,-183.473358,-183.473358,183.473358
-1.497742,-1.497742,1.497742,-0.960205,1.701050,-1.267456,-183.473358,-183.473358,183.473358
-1.497742,-1.497742,1.497742,-0.772705,1.905396,-1.476562,-183.473358,-183.473358,183.473358
-1.497742,-1.497742,1.497742,-0.640869,2.081543,-1.623047,-183.473358,-183.473358,183.473358
-1.497742,-1.497742,1.497742,-0.555542,2.242310,-1.697388,-183.473358,-183.473358,183.473358
-1.497742,-1.497742,1.497742,-0.510498,2.360596,-1.757080,-183.473358,-183.473358,183.473358
-1.497742,-1.497742,1.497742,-0.452271,2.471924,-1.798462,-183.473358,-183.473358,183.473358
-1.497742,-1.497742,1.497742,-0.398438,2.577393,-1.830322,-183.473358,-183.473358,183.473358
-1.497742,-1.497742,1.497742,-0.366577,2.628662,-1.844238,-183.473358,-183.473358,183.473358
-1.497742,-1.497742,1.497742,-0.357788,2.653564,-1.821167,-183.473358,-183.473358,183.473358
-1.497742,-1.497742,1.497742,-0.351929,2.672607,-1.862915,-183.473358,-183.473358,183.473358
-1.497742,-1.497742,1.497742,-0.369141,2.645874,-1.880859,-183.473358,-183.473358,183.473358
-1.497742,-1.497742,1.497742,-0.365112,2.651001,-1.857422,-183.473358,-183.473358,183.473358
-1.497742,-1.497742,1.497742,-0.354492,2.652832,-1.854126,-183.473358,-183.473358,183.473358
-1.497742,-1.497742,1.497742,-0.356323,2.638550,-2.005005,-183.473358,-183.473358,183.473358
-1.497742,-1.497742,1.497742,-0.374634,2.615479,-1.848999,-183.473358,-183.473358,183.473358
-1.497742,-1.497742,1.497742,-0.414551,2.544800,-1.823364,-183.473358,-183.473358,183.473358
-1.497742,-1.497742,1.497742,-0.506836,2.389160,-1.772461,-183.473358,-183.473358,183.473358
-1.497742,-1.497742,1.497742,-0.580078,2.222168,-1.707275,-183.473358,-183.473358,183.473358
-1.497742,-1.497742,1.497742,-0.824341,1.711670,-1.355347,-183.473358,-183.473358,183.473358
-1.497742,-1.497742,1.497742,-1.117310,1.308472,-0.625854,-183.473358,-183.473358,183.473358
-1.497742,-1.497742,1.497742,-1.280640,1.240356,0.088989,-183.473358,-183.473358,183.473358
-1.497742,-1.497742,1.497742,-1.303345,1.385010,0.627686,-183.473358,-183.473358,183.473358
-1.497742,-1.497742,1.497742,-1.223145,1.546143,0.990967,-183.473358,-183.473358,183.473358
-1.497742,-1.497742,1.497742,-1.141479,1.882690,1.371094,-183.473358,-183.473358,183.473358
-1.497742,-1.497742,1.497742,-1.009277,2.200928,1.649414,-183.473358,-183.473358,183.473358
-1.497742,-1.497742,1.497742,-0.851440,2.568237,1.847900,-183.473358,-183.473358,183.473358
-1.497742,-1.497742,1.497742,-0.648193,2.937744,1.910156,-183.473358,-183.473358,183.473358
-1.497742,-1.497742,1.497742,-0.515259,3.180176,1.944214,-183.473358,-183.473358,183.473358
-1.497742,-1.497742,1.497742,-0.407593,3.392944,2.062500,-183.473358,-183.473358,183.473358
-1.497742,-1.497742,1.497742,-0.325562,3.529907,1.936890,-183.473358,-183.473358,183.473358
-1.497742,-1.497742,1.497742,-0.314209,3.596191,1.913452,-183.473358,-183.473358,183.473358
-1.497742,-1.497742,1.497742,-0.277588,3.672363,1.905762,-183.473358,-183.473358,183.473358
-1.497742,-1.497742,1.497742,-0.229614,3.727295,1.905762,-183.473358,-183.473358,183.473358
-1.497742,-1.497742,1.497742,-0.227783,3.734253,1.873901,-183.473358,-183.473358,183.473358
-1.497742,-1.497742,1.497742,-0.246826,3.736450,1.886353,-183.473358,-183.473358,183.473358
-1.497742,-1.497742,1.497742,-0.237305,3.732422,1.875732,-183.473358,-183.473358,183.473358
-1.497742,-1.497742,1.497742,-0.231445,3.778564,1.870605,-183.473358,-183.473358,183.473358
-1.497742,-1.497742,1.497742,-0.216797,3.838623,1.877930,-183.473358,-183.473358,183.473358
-1.497742,-1.497742,1.497742,-0.172485,3.963501,2.076416,-183.473358,-183.473358,183.473358
-1.497742,-1.497742,1.497742,-0.125244,4.048096,1.774292,-183.473358,-183.473358,183.473358
-1.497742,-1.497742,1.497742,-0.076904,4.161987,1.720825,-183.473358,-183.473358,183.473358
-1.497742,-1.497742,1.497742,0.110596,4.476562,1.502930,-183.473358,-183.473358,183.473358
-1.497742,-1.497742,1.497742,0.279053,4.795166,1.142212,-183.473358,-183.473358,183.473358
-1.497742,-1.497742,1.497742,0.415283,5.052246,0.535400,-183.473358,-183.473358,183.473358
-1.497742,-1.497742,1.497742,0.453369,5.136108,0.185303,-183.473358,-183.473358,183.473358
-1.497742,-1.497742,1.497742,0.467651,5.116333,-0.187500,-183.473358,-183.473358,183.473358
-1.497742,-1.497742,1.497742,0.442749,4.995483,-0.656616,-183.473358,-183.473358,183.473358
-1.497742,-1.497742,1.497742,0.448608,4.770630,-1.036011,-183.473358,-183.473358,183.473358
-1.497742,-1.497742,1.497742,0.430298,4.327881,-1.650513,-183.473358,-183.473358,183.473358
-1.497742,-1.497742,1.497742,0.369141,3.976318,-1.632568,-183.473358,-183.473358,183.473358
-1.497742,-1.497742,1.497742,0.366211,3.611206,-1.746094,-183.473358,-183.473358,183.473358
-1.497742,-1.497742,1.497742,0.281982,3.226318,-1.808350,-183.473358,-183.473358,183.473358
-1.497742,-1.497742,1.497742,0.229614,3.016113,-1.822632,-183.473358,-183.473358,183.473358
-1.497742,-1.497742,1.497742,0.147949,2.845093,-1.819336,-183.473358,-183.473358,183.473358
-1.497742,-1.497742,1.497742,0.070679,2.688354,-1.795532,-183.473358,-183.473358,183.473358
-1.497742,-1.497742,1.497742,0.032959,2.560547,-1.779785,-183.473358,-183.473358,183.473358
-1.497742,-1.497742,1.497742,-0.008057,2.488770,-1.778320,-183.473358,-183.473358,183.473358
-1.497742,-1.497742,1.497742,-0.042847,2.429810,-1.743896,-183.473358,-183.473358,183.473358
-1.497742,-1.497742,1.497742,-0.066284,2.379272,-1.614624,-183.473358,-183.473358,183.473358
-1.497742,-1.497742,1.497742,-0.079834,2.375610,-1.735107,-183.473358,-183.473358,183.473358
-1.497742,-1.497742,1.497742,-0.082031,2.380737,-1.758911,-183.473358,-183.473358,183.473358
-1.497742,-1.497742,1.497742,-0.067383,2.444824,-1.755981,-183.473358,-183.473358,183.473358
-1.497742,-1.497742,1.497742,-0.045410,2.502319,-1.766602,-183.473358,-183.473358,183.473358
-1.497742,-1.497742,1.497742,0.002930,2.642944,-1.898804,-183.473358,-183.473358,183.473358
-1.497742,-1.497742,1.497742,0.088623,2.900391,-1.844604,-183.473358,-183.473358,183.473358
-1.497742,-1.497742,1.497742,0.205078,3.254517,-1.654541,-183.473358,-183.473358,183.473358
-1.497742,-1.497742,1.497742,0.329590,3.593994,-1.770630,-183.473358,-183.473358,183.473358
-1.497742,-1.497742,1.497742,0.373169,3.886963,-1.661499,-183.473358,-183.473358,183.473358
-1.497742,-1.497742,1.497742,0.451538,4.243286,-1.334473,-183.473358,-183.473358,183.473358
-1.497742,-1.497742,1.497742,0.492188,4.559692,-1.185425,-183.473358,-183.473358,183.473358
-1.497742,-1.497742,1.497742,0.572754,4.828857,-0.778198,-183.473358,-183.473358,183.473358
-1.497742,-1.497742,1.497742,0.610840,4.987427,-0.434326,-183.473358,-183.473358,183.473358
-1.497742,-1.497742,1.497742,0.642700,5.001709,-0.201416,-183.473358,-183.473358,183.473358
-1.497742,-1.497742,1.497742,0.659180,5.015625,0.214966,-183.473358,-183.473358,183.473358
-1.497742,-1.497742,1.497742,0.627686,4.987061,0.478638,-183.473358,-183.473358,183.473358
-1.497742,-1.497742,1.497742,0.592529,4.847168,0.991333,-183.473358,-183.473358,183.473358
-1.497742,-1.497742,1.497742,0.495483,4.597046,1.240723,-183.473358,-183.473358,183.473358
-1.497742,-1.497742,1.497742,0.392212,4.381714,1.435547,-183.473358,-183.473358,183.473358
-1.497742,-1.497742,1.497742,0.319336,4.139282,1.438110,-183.473358,-183.473358,183.473358
-1.497742,-1.497742,1.497742,0.260010,4.030884,1.687500,-183.473358,-183.473358,183.473358
-1.497742,-1.497742,1.497742,0.214600,3.845215,1.695923,-183.473358,-183.473358,183.473358
-1.497742,-1.497742,1.497742,0.142456,3.682251,1.810913,-183.473358,-183.473358,183.473358
-1.497742,-1.497742,1.497742,0.090454,3.586304,1.861084,-183.473358,-183.473358,183.473358
-1.497742,-1.497742,1.497742,0.072144,3.532104,1.854858,-183.473358,-183.473358,183.473358
-1.497742,-1.497742,1.497742,0.072876,3.516357,1.866211,-183.473358,-183.473358,183.473358
-1.497742,-1.497742,1.497742,0.067749,3.488892,1.929199,-183.473358,-183.473358,183.473358
-1.497742,-1.497742,1.497742,0.048340,3.479004,1.879028,-183.473358,-183.473358,183.473358
-1.497742,-1.497742,1.497742,0.057495,3.497314,1.862183,-183.473358,-183.473358,183.473358
-1.497742,-1.497742,1.497742,0.027100,3.505371,1.862549,-183.473358,-183.473358,183.473358
-1.497742,-1.497742,1.497742,0.064453,3.530640,1.851562,-183.473358,-183.473358,183.473358
-1.497742,-1.497742,1.497742,0.083130,3.575317,1.825562,-183.473358,-183.473358,183.473358
-1.497742,-1.497742,1.497742,0.165161,3.768311,1.775024,-183.473358,-183.473358,183.473358
-1.497742,-1.497742,1.497742,0.250122,4.000488,1.692261,-183.473358,-183.473358,183.473358
-1.497742,-1.497742,1.497742,0.362549,4.300049,1.505493,-183.473358,-183.473358,183.473358
-1.497742,-1.497742,1.497742,0.507935,4.630737,1.178833,-183.473358,-183.473358,183.473358
-1.497742,-1.497742,1.497742,0.639771,4.962158,0.391113,-183.473358,-183.473358,183.473358
-1.497742,-1.497742,1.497742,0.682251,4.953735,-0.339111,-183.473358,-183.473358,183.473358
-1.497742,-1.497742,1.497742,0.669067,4.818604,-0.748535,-183.473358,-183.473358,183.473358
-1.497742,-1.497742,1.497742,0.652588,4.686401,-0.948853,-183.473358,-183.473358,183.473358
-1.497742,-1.497742,1.497742,0.617432,4.538452,-1.124268,-183.473358,-183.473358,183.473358
-1.497742,-1.497742,1.497742,0.480469,4.158691,-1.253906,-183.473358,-183.473358,183.473358
-1.497742,-1.497742,1.497742,0.303223,3.822876,-1.724854,-183.473358,-183.473358,183.473358
-1.497742,-1.497742,1.497742,0.179443,3.595093,-1.802856,-183.473358,-183.473358,183.473358
-1.497742,-1.497742,1.497742,0.140625,3.491455,-1.820068,-183.473358,-183.473358,183.473358
-1.497742,-1.497742,1.497742,0.084961,3.232544,-1.856323,-183.473358,-183.473358,183.473358
-1.497742,-1.497742,1.497742,0.035156,2.985718,-1.894043,-183.473358,-183.473358,183.473358
-1.497742,-1.497742,1.497742,0.001465,2.848022,-1.851562,-183.473358,-183.473358,183.473358
-1.497742,-1.497742,1.497742,-0.012817,2.755371,-1.825195,-183.473358,-183.473358,183.473358
-1.497742,-1.497742,1.497742,-0.025635,2.703003,-1.826294,-183.473358,-183.473358,183.473358
-1.497742,-1.497742,1.497742,-0.051270,2.630859,-1.799194,-183.473358,-183.473358,183.473358
-1.497742,-1.497742,1.497742,-0.061523,2.541870,-1.992188,-183.473358,-183.473358,183.473358
-1.497742,-1.497742,1.497742,-0.094116,2.512939,-1.764404,-183.473358,-183.473358,183.473358
-1.497742,-1.497742,1.497742,-0.091919,2.475952,-1.777588,-183.473358,-183.473358,183.473358
-1.497742,-1.497742,1.497742,-0.108032,2.477051,-1.761841,-183.473358,-183.473358,183.473358
-1.497742,-1.497742,1.497742,-0.118286,2.482178,-1.778320,-183.473358,-183.473358,183.473358
-1.497742,-1.497742,1.497742,-0.099609,2.536011,-1.803955,-183.473358,-183.473358,183.473358
-1.497742,-1.497742,1.497742,-0.076904,2.646240,-1.827393,-183.473358,-183.473358,183.473358
-1.497742,-1.497742,1.497742,0.006226,2.841064,-1.852295,-183.473358,-183.473358,183.473358
-1.497742,-1.497742,1.497742,0.169189,3.357422,-1.844604,-183.473358,-183.473358,183.473358
-1.497742,-1.497742,1.497742,0.279053,3.788086,-1.735840,-183.473358,-183.473358,183.473358
-1.497742,-1.497742,1.497742,0.402832,4.153564,-1.664062,-183.473358,-183.473358,183.473358
-1.497742,-1.497742,1.497742,0.453369,4.413208,-1.353882,-183.473358,-183.473358,183.473358
-1.497742,-1.497742,1.497742,0.483398,4.757080,-0.998291,-183.473358,-183.473358,183.473358
-1.497742,-1.497742,1.497742,0.440552,4.910522,-0.807861,-183.473358,-183.473358,183.473358
-1.497742,-1.497742,1.497742,0.453369,4.991089,-0.628418,-183.473358,-183.473358,183.473358
-1.497742,-1.497742,1.497742,0.431763,5.103882,-0.583374,-183.473358,-183.473358,183.473358
-1.497742,-1.497742,1.497742,0.489624,5.106812,-0.085693,-183.473358,-183.473358,183.473358
-1.497742,-1.497742,1.497742,0.644897,5.026611,0.235107,-183.473358,-183.473358,183.473358
-1.497742,-1.497742,1.497742,0.856567,4.826660,0.388184,-183.473358,-183.473358,183.473358
-1.497742,-1.497742,1.497742,0.946655,4.727051,0.444946,-183.473358,-183.473358,183.473358
-1.497742,-1.497742,1.497742,0.919556,4.667725,0.713745,-183.473358,-183.473358,183.473358
-1.497742,-1.497742,1.497742,0.849609,4.578003,0.918823,-183.473358,-183.473358,183.473358
-1.497742,-1.497742,1.497742,0.766113,4.485352,1.093506,-183.473358,-183.473358,183.473358
-1.497742,-1.497742,1.497742,0.677856,4.354980,1.299683,-183.473358,-183.473358,183.473358
-1.497742,-1.497742,1.497742,0.612671,4.227905,1.408813,-183.473358,-183.473358,183.473358
-1.497742,-1.497742,1.497742,0.510132,4.084351,1.593018,-183.473358,-183.473358,183.473358
-1.497742,-1.497742,1.497742,0.461060,3.970459,1.642822,-183.473358,-183.473358,183.473358
-1.497742,-1.497742,1.497742,0.384521,3.876343,1.677979,-183.473358,-183.473358,183.473358
-1.497742,-1.497742,1.497742,0.351196,3.825806,1.737305,-183.473358,-183.473358,183.473358
-1.497742,-1.497742,1.497742,0.309448,3.759521,1.791138,-183.473358,-183.473358,183.473358
-1.497742,-1.497742,1.497742,0.284180,3.730957,1.935791,-183.473358,-183.473358,183.473358
-1.497742,-1.497742,1.497742,0.287476,3.748169,1.741699,-183.473358,-183.473358,183.473358
-1.497742,-1.497742,1.497742,0.294434,3.717773,1.699951,-183.473358,-183.473358,183.473358
-1.497742,-1.497742,1.497742,0.325928,3.731323,1.759644,-183.473358,-183.473358,183.473358
-1.497742,-1.497742,1.497742,0.342407,3.774170,1.754517,-183.473358,-183.473358,183.473358
-1.497742,-1.497742,1.497742,0.342407,3.763916,1.807617,-183.473358,-183.473358,183.473358
-1.497742,-1.497742,1.497742,0.342773,3.757690,1.742798,-183.473358,-183.473358,183.473358
-1.497742,-1.497742,1.497742,0.351929,3.776733,1.741333,-183.473358,-183.473358,183.473358
-1.497742,-1.497742,1.497742,0.357788,3.779663,1.752686,-183.473358,-183.473358,183.473358
-1.497742,-1.497742,1.497742,0.344971,3.778198,1.749390,-183.473358,-183.473358,183.473358
-1.497742,-1.497742,1.497742,0.335083,3.790649,1.936157,-183.473358,-183.473358,183.473358
-1.497742,-1.497742,1.497742,0.338013,3.781860,1.751587,-183.473358,-183.473358,183.473358
-1.497742,-1.497742,1.497742,0.322266,3.800171,1.732178,-183.473358,-183.473358,183.473358
