-1.497742,-1.497742,1.497742,-1.491577,2.604492,1.513916,-183.473358,-183.473358,183.473358
-1.497742,-1.497742,1.497742,-1.507324,2.603394,1.523071,-183.473358,-183.473358,183.473358
-1.497742,-1.497742,1.497742,-1.493774,2.596069,1.516846,-183.473358,-183.473358,183.473358
-1.497742,-1.497742,1.497742,-1.491211,2.604126,1.509888,-183.473358,-183.473358,183.473358
-1.497742,-1.497742,1.497742,-1.499268,2.601929,1.504395,-183.473358,-183.473358,183.473358
-1.497742,-1.497742,1.497742,-1.503662,2.606689,1.519775,-183.473358,-183.473358,183.473358
-1.497742,-1.497742,1.497742,-1.482788,2.603027,1.528564,-183.473358,-183.473358,183.473358
-1.497742,-1.497742,1.497742,-1.490479,2.610352,1.527466,-183.473358,-183.473358,183.473358
-1.497742,-1.497742,1.497742,-1.479126,2.603027,1.521240,-183.473358,-183.473358,183.473358
-1.497742,-1.497742,1.497742,-1.477661,2.608521,1.554565,-183.473358,-183.473358,183.473358
-1.497742,-1.497742,1.497742,-1.496704,2.612183,1.507324,-183.473358,-183.473358,183.473358
-1.497742,-1.497742,1.497742,-1.493042,2.596802,1.374390,-183.473358,-183.473358,183.473358
-1.497742,-1.497742,1.497742,-1.497803,2.586182,1.513550,-183.473358,-183.473358,183.473358
-1.497742,-1.497742,1.497742,-1.489746,2.600830,1.525269,-183.473358,-183.473358,183.473358
-1.497742,-1.497742,1.497742,-1.504395,2.597900,1.526001,-183.473358,-183.473358,183.473358
-1.497742,-1.497742,1.497742,-1.502197,2.592041,1.519043,-183.473358,-183.473358,183.473358
-1.497742,-1.497742,1.497742,-1.484253,2.602661,1.497803,-183.473358,-183.473358,183.473358
-1.497742,-1.497742,1.497742,-1.473999,2.600098,1.498535,-183.473358,-183.473358,183.473358
-1.497742,-1.497742,1.497742,-1.503662,2.605225,1.500732,-183.473358,-183.473358,183.473358
-1.497742,-1.497742,1.497742,-1.491577,2.592407,1.556030,-183.473358,-183.473358,183.473358
-1.497742,-1.497742,1.497742,-1.486450,2.590210,1.500366,-183.473358,-183.473358,183.473358
-1.497742,-1.497742,1.497742,-1.481689,2.602661,1.452393,-183.473358,-183.473358,183.473358
-1.497742,-1.497742,1.497742,-1.480957,2.591309,1.518311,-183.473358,-183.473358,183.473358
-1.497742,-1.497742,1.497742,-1.489014,2.595337,1.496338,-183.473358,-183.473358,183.473358
-1.497742,-1.497742,1.497742,-1.484619,2.591675,1.535156,-183.473358,-183.473358,183.473358
-1.497742,-1.497742,1.497742,-1.491943,2.586548,1.491577,-183.473358,-183.473358,183.473358
-1.497742,-1.497742,1.497742,-1.498901,2.597900,1.482788,-183.473358,-183.473358,183.473358
-1.497742,-1.497742,1.497742,-1.476196,2.587646,1.494507,-183.473358,-183.473358,183.473358
-1.497742,-1.497742,1.497742,-1.484619,2.589844,1.503662,-183.473358,-183.473358,183.473358
-1.497742,-1.497742,1.497742,-1.490112,2.588013,1.420166,-183.473358,-183.473358,183.473358
-1.497742,-1.497742,1.497742,-1.495605,2.617676,1.520508,-183.473358,-183.473358,183.473358
-1.497742,-1.497742,1.497742,-1.495605,2.601929,1.383179,-183.473358,-183.473358,183.473358
-1.497742,-1.497742,1.497742,-1.496704,2.605591,1.494141,-183.473358,-183.473358,183.473358
-1.497742,-1.497742,1.497742,-1.496704,2.602661,1.514648,-183.473358,-183.473358,183.473358
-1.497742,-1.497742,1.497742,-1.497070,2.596802,1.516113,-183.473358,-183.473358,183.473358
-1.497742,-1.497742,1.497742,-1.490845,2.595337,1.485718,-183.473358,-183.473358,183.473358
-1.497742,-1.497742,1.497742,-1.495972,2.585449,1.747559,-183.473358,-183.473358,183.473358
-1.497742,-1.497742,1.497742,-1.499268,2.590576,1.517944,-183.473358,-183.473358,183.473358
-1.497742,-1.497742,1.497742,-1.485718,2.593506,1.499268,-183.473358,-183.473358,183.473358
-1.497742,-1.497742,1.497742,-1.481323,2.602661,1.505493,-183.473358,-183.473358,183.473358
-1.497742,-1.497742,1.497742,-1.494873,2.597168,1.505127,-183.473358,-183.473358,183.473358
-1.497742,-1.497742,1.497742,-1.490479,2.615479,1.495605,-183.473358,-183.473358,183.473358
-1.497742,-1.497742,1.497742,-1.487915,2.600464,1.517944,-183.473358,-183.473358,183.473358
-1.497742,-1.497742,1.497742,-1.498901,2.602295,1.520874,-183.473358,-183.473358,183.473358
-1.497742,-1.497742,1.497742,-1.496704,2.604858,1.505127,-183.473358,-183.473358,183.473358
-1.497742,-1.497742,1.497742,-1.493042,2.616943,1.517578,-183.473358,-183.473358,183.473358
-1.497742,-1.497742,1.497742,-1.485718,2.604858,1.556763,-183.473358,-183.473358,183.473358
-1.497742,-1.497742,1.497742,-1.495972,2.603760,1.524536,-183.473358,-183.473358,183.473358
-1.497742,-1.497742,1.497742,-1.493408,2.607056,1.536987,-183.473358,-183.473358,183.473358
-1.497742,-1.497742,1.497742,-1.492676,2.594238,1.517944,-183.473358,-183.473358,183.473358
-1.497742,-1.497742,1.497742,-1.481689,2.603760,1.523071,-183.473358,-183.473358,183.473358
-1.497742,-1.497742,1.497742,-1.497437,2.601929,1.554565,-183.473358,-183.473358,183.473358
-1.497742,-1.497742,1.497742,-1.495605,2.605225,1.519775,-183.473358,-183.473358,183.473358
-1.497742,-1.497742,1.497742,-1.483887,2.610352,1.538452,-183.473358,-183.473358,183.473358
-1.497742,-1.497742,1.497742,-1.492310,2.611084,1.552734,-183.473358,-183.473358,183.473358
-1.497742,-1.497742,1.497742,-1.488647,2.607422,1.520142,-183.473358,-183.473358,183.473358
-1.497742,-1.497742,1.497742,-1.493042,2.600464,1.461914,-183.473358,-183.473358,183.473358
-1.497742,-1.497742,1.497742,-1.475464,2.609619,1.534058,-183.473358,-183.473358,183.473358
-1.497742,-1.497742,1.497742,-1.495239,2.597168,1.546509,-183.473358,-183.473358,183.473358
-1.497742,-1.497742,1.497742,-1.487549,2.592407,1.534790,-183.473358,-183.473358,183.473358
-1.497742,-1.497742,1.497742,-1.496338,2.627197,1.539185,-183.473358,-183.473358,183.473358
-1.497742,-1.497742,1.497742,-1.500366,2.606689,1.660767,-183.473358,-183.473358,183.473358
-1.497742,-1.497742,1.497742,-1.493408,2.607422,1.523438,-183.473358,-183.473358,183.473358
-1.497742,-1.497742,1.497742,-1.500732,2.614746,1.530762,-183.473358,-183.473358,183.473358
-1.497742,-1.497742,1.497742,-1.495972,2.609985,1.525635,-183.473358,-183.473358,183.473358
-1.497742,-1.497742,1.497742,-1.489380,2.596802,1.526001,-183.473358,-183.473358,183.473358
-1.497742,-1.497742,1.497742,-1.484253,2.604858,1.464478,-183.473358,-183.473358,183.473358
-1.497742,-1.497742,1.497742,-1.498901,2.607788,1.534424,-183.473358,-183.473358,183.473358
-1.497742,-1.497742,1.497742,-1.490845,2.577026,1.526001,-183.473358,-183.473358,183.473358
-1.497742,-1.497742,1.497742,-1.494141,2.604492,1.528931,-183.473358,-183.473358,183.473358
-1.497742,-1.497742,1.497742,-1.495972,2.597900,1.520508,-183.473358,-183.473358,183.473358
-1.497742,-1.497742,1.497742,-1.492310,2.616577,1.341064,-183.473358,-183.473358,183.473358
-1.497742,-1.497742,1.497742,-1.497437,2.614014,1.531494,-183.473358,-183.473358,183.473358
-1.497742,-1.497742,1.497742,-1.502563,2.605591,1.517212,-183.473358,-183.473358,183.473358
-1.497742,-1.497742,1.497742,-1.486450,2.604492,1.533691,-183.473358,-183.473358,183.473358
-1.497742,-1.497742,1.497742,-1.492676,2.598267,1.526367,-183.473358,-183.473358,183.473358
-1.497742,-1.497742,1.497742,-1.507324,2.622070,1.500366,-183.473358,-183.473358,183.473358
-1.497742,-1.497742,1.497742,-1.496704,2.593140,1.505493,-183.473358,-183.473358,183.473358
-1.497742,-1.497742,1.497742,-1.495239,2.613647,1.523804,-183.473358,-183.473358,183.473358
-1.497742,-1.497742,1.497742,-1.480957,2.622070,1.521973,-183.473358,-183.473358,183.473358
-1.497742,-1.497742,1.497742,-1.490112,2.605957,1.527466,-183.473358,-183.473358,183.473358
-1.497742,-1.497742,1.497742,-1.500732,2.597168,1.782715,-183.473358,-183.473358,183.473358
-1.497742,-1.497742,1.497742,-1.487549,2.609253,1.523804,-183.473358,-183.473358,183.473358
-1.497742,-1.497742,1.497742,-1.489746,2.611450,1.550171,-183.473358,-183.473358,183.473358
-1.497742,-1.497742,1.497742,-1.497437,2.618408,1.539551,-183.473358,-183.473358,183.473358
-1.497742,-1.497742,1.497742,-1.489014,2.613647,1.539917,-183.473358,-183.473358,183.473358
-1.497742,-1.497742,1.497742,-1.491943,2.602661,1.433716,-183.473358,-183.473358,183.473358
-1.497742,-1.497742,1.497742,-1.504028,2.609253,1.531128,-183.473358,-183.473358,183.473358
