-1.497742,-1.497742,1.497742,-0.605713,4.379883,-1.510986,-183.473358,-183.473358,183.473358
-1.497742,-1.497742,1.497742,-0.602783,4.364136,-1.450928,-183.473358,-183.473358,183.473358
-1.497742,-1.497742,1.497742,-0.608643,4.369263,-1.510620,-183.473358,-183.473358,183.473358
-1.497742,-1.497742,1.497742,-0.596558,4.380615,-1.494507,-183.473358,-183.473358,183.473358
-1.497742,-1.497742,1.497742,-0.604248,4.365601,-1.495972,-183.473358,-183.473358,183.473358
-1.497742,-1.497742,1.497742,-0.607178,4.383545,-1.510620,-183.473358,-183.473358,183.473358
-1.497742,-1.497742,1.497742,-0.602783,4.372559,-1.503296,-183.473358,-183.473358,183.473358
-1.497742,-1.497742,1.497742,-0.599487,4.380981,-1.525635,-183.473358,-183.473358,183.473358
-1.497742,-1.497742,1.497742,-0.601318,4.363770,-1.197144,-183.473358,-183.473358,183.473358
-1.497742,-1.497742,1.497742,-0.619629,4.378052,-1.497803,-183.473358,-183.473358,183.473358
-1.497742,-1.497742,1.497742,-0.604980,4.383911,-1.497437,-183.473358,-183.473358,183.473358
-1.497742,-1.497742,1.497742,-0.602051,4.364868,-1.508789,-183.473358,-183.473358,183.473358
-1.497742,-1.497742,1.497742,-0.591431,4.383179,-1.493042,-183.473358,-183.473358,183.473358
-1.497742,-1.497742,1.497742,-0.591797,4.367065,-1.513916,-183.473358,-183.473358,183.473358
-1.497742,-1.497742,1.497742,-0.602783,4.367798,-1.499634,-183.473358,-183.473358,183.473358
-1.497742,-1.497742,1.497742,-0.586670,4.371460,-1.593384,-183.473358,-183.473358,183.473358
-1.497742,-1.497742,1.497742,-0.610107,4.371460,-1.484253,-183.473358,-183.473358,183.473358
-1.497742,-1.497742,1.497742,-0.608643,4.372192,-1.492676,-183.473358,-183.473358,183.473358
-1.497742,-1.497742,1.497742,-0.591064,4.374390,-1.499268,-183.473358,-183.473358,183.473358
-1.497742,-1.497742,1.497742,-0.599487,4.366699,-1.501465,-183.473358,-183.473358,183.473358
-1.497742,-1.497742,1.497742,-0.602417,4.378052,-1.506958,-183.473358,-183.473358,183.473358
-1.497742,-1.497742,1.497742,-0.606812,4.361938,-1.493042,-183.473358,-183.473358,183.473358
-1.497742,-1.497742,1.497742,-0.607178,4.372559,-1.519775,-183.473358,-183.473358,183.473358
-1.497742,-1.497742,1.497742,-0.614868,4.373291,-1.498535,-183.473358,-183.473358,183.473358
-1.497742,-1.497742,1.497742,-0.604248,4.363770,-1.503296,-183.473358,-183.473358,183.473358
-1.497742,-1.497742,1.497742,-0.608643,4.368164,-1.493774,-183.473358,-183.473358,183.473358
-1.497742,-1.497742,1.497742,-0.605713,4.375488,-1.519409,-183.473358,-183.473358,183.473358
-1.497742,-1.497742,1.497742,-0.603516,4.373657,-1.675415,-183.473358,-183.473358,183.473358
-1.497742,-1.497742,1.497742,-0.600220,4.382446,-1.493774,-183.473358,-183.473358,183.473358
-1.497742,-1.497742,1.497742,-0.614868,4.371094,-1.609863,-183.473358,-183.473358,183.473358
-1.497742,-1.497742,1.497742,-0.611938,4.352417,-1.517578,-183.473358,-183.473358,183.473358
-1.497742,-1.497742,1.497742,-0.598022,4.375854,-1.502563,-183.473358,-183.473358,183.473358
-1.497742,-1.497742,1.497742,-0.604248,4.370728,-1.482422,-183.473358,-183.473358,183.473358
-1.497742,-1.497742,1.497742,-0.593628,4.376953,-1.510254,-183.473358,-183.473358,183.473358
-1.497742,-1.497742,1.497742,-0.613770,4.359375,-1.510986,-183.473358,-183.473358,183.473358
-1.497742,-1.497742,1.497742,-0.605347,4.383545,-1.527100,-183.473358,-183.473358,183.473358
-1.497742,-1.497742,1.497742,-0.601318,4.360840,-1.501099,-183.473358,-183.473358,183.473358
-1.497742,-1.497742,1.497742,-0.594727,4.362671,-1.489014,-183.473358,-183.473358,183.473358
-1.497742,-1.497742,1.497742,-0.617065,4.390869,-1.519775,-183.473358,-183.473358,183.473358
-1.497742,-1.497742,1.497742,-0.599121,4.381348,-1.498901,-183.473358,-183.473358,183.473358
-1.497742,-1.497742,1.497742,-0.596924,4.374756,-1.502930,-183.473358,-183.473358,183.473358
-1.497742,-1.497742,1.497742,-0.606445,4.368896,-1.495972,-183.473358,-183.473358,183.473358
-1.497742,-1.497742,1.497742,-0.592529,4.362671,-1.519043,-183.473358,-183.473358,183.473358
-1.497742,-1.497742,1.497742,-0.595825,4.372925,-1.502563,-183.473358,-183.473358,183.473358
-1.497742,-1.497742,1.497742,-0.594360,4.374390,-1.524170,-183.473358,-183.473358,183.473358
-1.497742,-1.497742,1.497742,-0.619263,4.368896,-1.505859,-183.473358,-183.473358,183.473358
-1.497742,-1.497742,1.497742,-0.611206,4.369629,-1.591919,-183.473358,-183.473358,183.473358
-1.497742,-1.497742,1.497742,-0.607178,4.361572,-1.509888,-183.473358,-183.473358,183.473358
-1.497742,-1.497742,1.497742,-0.607544,4.376221,-1.509521,-183.473358,-183.473358,183.473358
-1.497742,-1.497742,1.497742,-0.601318,4.373291,-1.493774,-183.473358,-183.473358,183.473358
-1.497742,-1.497742,1.497742,-0.619995,4.382080,-1.512451,-183.473358,-183.473358,183.473358
-1.497742,-1.497742,1.497742,-0.609741,4.376587,-1.516846,-183.473358,-183.473358,183.473358
-1.497742,-1.497742,1.497742,-0.592896,4.372559,-1.529297,-183.473358,-183.473358,183.473358
-1.497742,-1.497742,1.497742,-0.603149,4.360107,-1.315796,-183.473358,-183.473358,183.473358
-1.497742,-1.497742,1.497742,-0.616333,4.357910,-1.518677,-183.473358,-183.473358,183.473358
-1.497742,-1.497742,1.497742,-0.595459,4.379150,-1.509155,-183.473358,-183.473358,183.473358
-1.497742,-1.497742,1.497742,-0.597290,4.375488,-1.513916,-183.473358,-183.473358,183.473358
-1.497742,-1.497742,1.497742,-0.597290,4.378784,-1.519043,-183.473358,-183.473358,183.473358
-1.497742,-1.497742,1.497742,-0.596558,4.382446,-1.492310,-183.473358,-183.473358,183.473358
-1.497742,-1.497742,1.497742,-0.601318,4.378784,-1.510620,-183.473358,-183.473358,183.473358
-1.497742,-1.497742,1.497742,-0.601318,4.382080,-1.500732,-183.473358,-183.473358,183.473358
